0 0.20494699646643108 0.2594887683965918 0.31330977620730266 0.07436096049573974
0 0.2962308598351001 0.18783888458559259 0.41813898704358066 0.04415182029434547
0 0.5824499411071848 0.23392718822618128 0.16607773851590105 0.03563129357087529
0 0.49234393404004706 0.3106119287374129 0.3250883392226148 0.069713400464756
0 0.31036513545347466 0.38458559256390396 0.12131919905771495 0.06274206041828041
0 0.04711425206124852 0.3392718822618126 0.08244994110718491 0.058869093725793964
0 0.8828032979976442 0.505422153369481 0.2249705535924617 0.10457010069713402
0 0.815665488810365 0.2796281951975213 0.10247349823321554 0.06506584043377227
0 0.9546525323910482 0.30402788536018593 0.09305064782096584 0.05189775367931836
0 0.06242638398115429 0.015104570100697134 0.08480565371024734 0.017815646785437646
0 0.03180212014134275 0.06274206041828041 0.0541813898704358 0.032532920216886134
0 0.1266195524146054 0.04763749031758327 0.06007067137809187 0.019364833462432226
0 0.40812720848056533 0.01820294345468629 0.06242638398115429 0.019364833462432226
0 0.4240282685512367 0.09953524399690163 0.11307420494699646 0.03640588690937258
1 0.7444051825677267 0.08365608055770721 0.5017667844522968 0.15801704105344694
1 0.38162544169611307 0.5782339271882262 0.7420494699646643 0.2858249419054996
