0 0.48428571428571426 0.8837349397590363 0.3657142857142857 0.16506024096385544
0 0.6207142857142857 0.5668674698795181 0.20714285714285716 0.0855421686746988
0 0.28285714285714286 0.6271084337349399 0.19428571428571428 0.0783132530120482
0 0.29642857142857143 0.5102409638554217 0.07 0.054216867469879526
0 0.08714285714285715 0.5072289156626506 0.13714285714285715 0.06506024096385543
0 0.08142857142857143 0.6602409638554217 0.13142857142857142 0.05783132530120483
0 0.5157142857142857 0.46084337349397597 0.2342857142857143 0.04457831325301205
0 0.26571428571428574 0.37048192771084343 0.11428571428571428 0.07349397590361446
0 0.5528571428571428 0.3939759036144579 0.1657142857142857 0.050602409638554224
0 0.7364285714285714 0.37409638554216873 0.12428571428571429 0.051807228915662654
0 0.7207142857142858 0.47108433734939764 0.13285714285714287 0.05783132530120483
