0 0.3074626865671642 0.614190687361419 0.22985074626865673 0.1419068736141907
0 0.5111940298507462 0.5232815964523282 0.08805970149253732 0.07095343680709534
0 0.5895522388059702 0.44124168514412415 0.09850746268656717 0.04878048780487805
0 0.7007462686567164 0.5576496674057649 0.18059701492537314 0.14855875831485588
0 0.8716417910447761 0.573170731707317 0.09253731343283582 0.07760532150776053
0 0.7522388059701492 0.4490022172949002 0.07164179104477612 0.06430155210643015
0 0.18208955223880596 0.5022172949002217 0.23880597014925373 0.1130820399113082
0 0.40671641791044777 0.45121951219512196 0.18059701492537314 0.09977827050997783
0 0.28059701492537314 0.3647450110864745 0.10746268656716418 0.14855875831485588
0 0.42238805970149257 0.34811529933481156 0.07164179104477612 0.05321507760532151
0 0.5149253731343284 0.34035476718403546 0.07761194029850746 0.0598669623059867
0 0.9492537313432836 0.42904656319290463 0.0746268656716418 0.0598669623059867
0 0.5917910447761194 0.7427937915742794 0.1208955223880597 0.1286031042128603
0 0.7455223880597015 0.8702882483370288 0.4880597014925373 0.22394678492239467
0 0.8104477611940298 0.2860310421286031 0.11044776119402985 0.06651884700665188
0 0.24925373134328357 0.24722838137472283 0.12835820895522387 0.06873614190687362
0 0.7089552238805971 0.3392461197339246 0.08358208955223881 0.057649667405764965
0 0.8194029850746268 0.4113082039911308 0.08358208955223881 0.05543237250554324
