0 0.5005208333333333 0.6005208333333333 0.3697916666666667 0.23020833333333332
0 0.6197916666666666 0.37864583333333335 0.22916666666666666 0.11354166666666667
0 0.7786458333333334 0.3015625 0.13854166666666667 0.059375
0 0.4822916666666667 0.8515625 0.5875 0.23645833333333333
0 0.1109375 0.6119791666666666 0.21562499999999998 0.165625
0 0.16458333333333333 0.2557291666666667 0.17916666666666667 0.07395833333333333
0 0.3609375 0.17291666666666666 0.13854166666666667 0.058333333333333334
0 0.3234375 0.11770833333333333 0.12604166666666666 0.03333333333333333
0 0.4895833333333333 0.09635416666666667 0.10833333333333334 0.057291666666666664
0 0.7354166666666666 0.07708333333333334 0.09583333333333333 0.03958333333333333
0 0.9166666666666666 0.034375 0.12291666666666666 0.041666666666666664
0 0.9166666666666666 0.08958333333333333 0.15625 0.0375
0 0.9177083333333333 0.1421875 0.14375 0.03854166666666667
0 0.93125 0.1859375 0.1125 0.036458333333333336
0 0.753125 0.22552083333333334 0.06875 0.03229166666666666
0 0.8541666666666666 0.21770833333333334 0.06458333333333333 0.04375
0 0.9619791666666666 0.23958333333333334 0.06979166666666667 0.05416666666666667
0 0.13541666666666666 0.4046875 0.26458333333333334 0.18020833333333333
0 0.6442708333333333 0.184375 0.2677083333333333 0.06041666666666667
0 0.628125 0.12447916666666667 0.19166666666666665 0.03854166666666667
0 0.14791666666666667 0.15729166666666666 0.2875 0.13541666666666666
0 0.36614583333333334 0.057812499999999996 0.12395833333333334 0.040625
