0 0.11666666666666667 0.8351851851851853 0.11458333333333333 0.17777777777777778
0 0.2125 0.9083333333333333 0.09166666666666666 0.11666666666666667
0 0.3453125 0.8925925925925926 0.12604166666666666 0.13333333333333333
0 0.4276041666666667 0.750925925925926 0.08229166666666667 0.12407407407407407
0 0.5671875 0.7666666666666667 0.09479166666666666 0.10370370370370371
0 0.4890625 0.8861111111111112 0.10104166666666667 0.11666666666666667
0 0.4578125 0.5694444444444444 0.04895833333333333 0.07222222222222223
0 0.3541666666666667 0.5277777777777778 0.075 0.06296296296296297
0 0.7942708333333334 0.712962962962963 0.3697916666666667 0.24074074074074076
0 0.6286458333333333 0.9564814814814815 0.13645833333333332 0.08333333333333334
0 0.32135416666666666 0.7324074074074074 0.103125 0.11666666666666667
0 0.11458333333333333 0.5574074074074075 0.09791666666666667 0.07777777777777778
1 0.4921875 0.375 0.2989583333333333 0.2351851851851852
