0 0.51220703125 0.850735294117647 0.2548828125 0.275
0 0.73876953125 0.5698529411764706 0.1201171875 0.0838235294117647
0 0.90576171875 0.6389705882352941 0.1533203125 0.11911764705882352
0 0.50830078125 0.6191176470588236 0.1259765625 0.14705882352941177
0 0.55126953125 0.47941176470588237 0.1455078125 0.07647058823529412
0 0.66796875 0.47058823529411764 0.046875 0.061764705882352944
0 0.72802734375 0.4161764705882353 0.0908203125 0.058823529411764705
0 0.7958984375 0.39191176470588235 0.150390625 0.09558823529411764
0 0.64794921875 0.34558823529411764 0.1416015625 0.041176470588235294
0 0.56005859375 0.38823529411764707 0.1123046875 0.05
0 0.41552734375 0.4404411764705882 0.1083984375 0.1838235294117647
0 0.5068359375 0.32573529411764707 0.07421875 0.04852941176470588
0 0.580078125 0.2875 0.103515625 0.027941176470588233
0 0.95166015625 0.4963235294117647 0.0869140625 0.1161764705882353
0 0.84814453125 0.475 0.0712890625 0.032352941176470584
0 0.556640625 0.24779411764705883 0.1328125 0.022058823529411763
