0 0.462890625 0.5319010416666666 0.0546875 0.03515625
0 0.67431640625 0.64453125 0.3486328125 0.22395833333333331
0 0.6513671875 0.43815104166666663 0.291015625 0.13411458333333331
0 0.67626953125 0.31510416666666663 0.1708984375 0.0703125
0 0.80322265625 0.30924479166666663 0.0595703125 0.07161458333333333
0 0.8642578125 0.21028645833333331 0.1875 0.07161458333333333
0 0.46337890625 0.2942708333333333 0.1416015625 0.0703125
0 0.21826171875 0.4609375 0.4072265625 0.21614583333333331
0 0.33984375 0.8333333333333333 0.302734375 0.3020833333333333
0 0.962890625 0.6061197916666666 0.072265625 0.17578125
