0 0.40454545454545454 0.7066974595842956 0.15194805194805194 0.21709006928406466
0 0.4967532467532468 0.5785219399538106 0.1 0.10392609699769052
0 0.6831168831168831 0.6766743648960739 0.22857142857142856 0.15242494226327943
0 0.6967532467532468 0.8383371824480369 0.18831168831168832 0.24018475750577367
0 0.36753246753246754 0.4399538106235566 0.06753246753246753 0.09006928406466512
0 0.08181818181818182 0.4815242494226328 0.15324675324675324 0.15011547344110854
0 0.6811688311688312 0.3140877598152425 0.1025974025974026 0.06928406466512702
0 0.625974025974026 0.37528868360277134 0.06233766233766234 0.06697459584295612
0 0.6227272727272727 0.5207852193995381 0.06363636363636363 0.08083140877598152
0 0.7383116883116884 0.4226327944572748 0.04285714285714286 0.07390300230946882
0 0.5805194805194805 0.24480369515011546 0.07012987012987013 0.07852193995381063
