0 0.5107421875 0.8477941176470588 0.25390625 0.26323529411764707
0 0.73193359375 0.5742647058823529 0.0966796875 0.07794117647058824
0 0.9072265625 0.6301470588235294 0.142578125 0.125
0 0.517578125 0.6330882352941176 0.14453125 0.1338235294117647
0 0.5576171875 0.4919117647058823 0.14453125 0.0661764705882353
0 0.6748046875 0.4786764705882353 0.0390625 0.051470588235294115
0 0.7275390625 0.4360294117647059 0.083984375 0.08970588235294118
0 0.78662109375 0.3941176470588235 0.1298828125 0.10588235294117647
0 0.64599609375 0.3514705882352941 0.1435546875 0.041176470588235294
0 0.5625 0.3992647058823529 0.1171875 0.07205882352941176
0 0.587890625 0.2838235294117647 0.10546875 0.029411764705882353
0 0.5986328125 0.3161764705882353 0.123046875 0.023529411764705882
0 0.69482421875 0.2801470588235294 0.0556640625 0.025
0 0.421875 0.40441176470588236 0.09375 0.09411764705882353
0 0.39599609375 0.4948529411764706 0.1005859375 0.1161764705882353
0 0.3359375 0.7720588235294118 0.080078125 0.40294117647058825
