0 0.4438775510204081 0.8299319727891157 0.1530612244897959 0.2857142857142857
0 0.6033163265306122 0.8367346938775511 0.12244897959183673 0.18140589569160998
0 0.7499999999999999 0.6598639455782314 0.336734693877551 0.2857142857142857
0 0.39030612244897955 0.48412698412698413 0.1607142857142857 0.12471655328798187
0 0.5389030612244897 0.39342403628117917 0.11096938775510203 0.11111111111111112
0 0.42474489795918363 0.3310657596371882 0.11224489795918366 0.0816326530612245
0 0.6441326530612245 0.2709750566893424 0.1530612244897959 0.10657596371882086
0 0.9559948979591836 0.39682539682539686 0.08290816326530612 0.14058956916099774
0 0.05612244897959183 0.5430839002267573 0.08673469387755102 0.11111111111111112
0 0.06823979591836735 0.8412698412698413 0.1135204081632653 0.17233560090702948
0 0.3552295918367347 0.17687074829931973 0.13903061224489796 0.054421768707483
0 0.4119897959183673 0.23356009070294786 0.09693877551020408 0.045351473922902494
0 0.5114795918367346 0.20521541950113378 0.09693877551020408 0.05668934240362812
