0 0.319921875 0.8138888888888889 0.18515625000000002 0.35555555555555557
0 0.606640625 0.7645833333333334 0.15234375 0.17916666666666667
0 0.7992187500000001 0.6923611111111111 0.09375 0.10972222222222222
0 0.8703125 0.8965277777777778 0.24375000000000002 0.19305555555555556
0 0.9640625 0.6576388888888889 0.045312500000000006 0.09305555555555556
0 0.7230468750000001 0.5527777777777778 0.12265625000000001 0.09166666666666667
0 0.55390625 0.5194444444444445 0.1 0.14166666666666666
0 0.605078125 0.44097222222222227 0.06328125 0.08194444444444444
0 0.67109375 0.4361111111111111 0.06875 0.05
0 0.63671875 0.3770833333333333 0.0734375 0.05416666666666667
0 0.498828125 0.4131944444444445 0.07890625000000001 0.05694444444444444
0 0.375 0.5673611111111111 0.1171875 0.11805555555555557
0 0.48828125 0.6229166666666667 0.084375 0.09027777777777778
0 0.125 0.3729166666666667 0.2234375 0.13194444444444445
0 0.2609375 0.46944444444444444 0.0625 0.05
0 0.09609375 0.6979166666666667 0.1484375 0.13194444444444445
0 0.369140625 0.41805555555555557 0.15078125 0.09722222222222222
0 0.515234375 0.3354166666666667 0.05234375 0.029166666666666667
0 0.5339843750000001 0.36597222222222225 0.05078125 0.020833333333333336
0 0.41250000000000003 0.30208333333333337 0.0328125 0.020833333333333336
0 0.373828125 0.33125 0.03359375 0.02638888888888889
