0 0.33059701492537313 0.3977272727272727 0.0791044776119403 0.07727272727272727
0 0.34776119402985073 0.4920454545454545 0.07164179104477612 0.08863636363636364
0 0.45223880597014926 0.5499999999999999 0.11343283582089553 0.11363636363636363
0 0.1582089552238806 0.5363636363636364 0.06865671641791045 0.08636363636363636
0 0.12686567164179105 0.6215909090909091 0.04477611940298507 0.056818181818181816
0 0.18507462686567164 0.6522727272727272 0.05970149253731343 0.06818181818181818
0 0.18358208955223881 0.46704545454545454 0.08059701492537313 0.07954545454545454
0 0.11119402985074626 0.36818181818181817 0.05223880597014925 0.07272727272727272
0 0.07388059701492537 0.42386363636363633 0.07014925373134329 0.04772727272727272
0 0.06194029850746269 0.5397727272727273 0.07611940298507462 0.056818181818181816
0 0.11791044776119403 0.2125 0.11940298507462686 0.08409090909090909
0 0.14328358208955225 0.27954545454545454 0.04477611940298507 0.045454545454545456
0 0.25522388059701495 0.33295454545454545 0.12238805970149254 0.07954545454545454
0 0.29776119402985074 0.05909090909090909 0.06119402985074627 0.06818181818181818
0 0.2417910447761194 0.10568181818181818 0.03880597014925373 0.05227272727272727
0 0.16119402985074627 0.04431818181818182 0.09850746268656717 0.07954545454545454
0 0.9014925373134328 0.8318181818181818 0.09850746268656717 0.09090909090909091
0 0.8097014925373135 0.9534090909090909 0.0791044776119403 0.07954545454545454
0 0.8022388059701493 0.2715909090909091 0.09104477611940298 0.1431818181818182
0 0.9119402985074627 0.2784090909090909 0.11343283582089553 0.10227272727272727
0 0.926865671641791 0.17727272727272728 0.1044776119402985 0.1409090909090909
0 0.8328358208955224 0.075 0.0626865671641791 0.06818181818181818
0 0.7574626865671642 0.07386363636363635 0.058208955223880594 0.07954545454545454
0 0.6149253731343284 0.1477272727272727 0.05970149253731343 0.05454545454545454
0 0.40298507462686567 0.09886363636363636 0.056716417910447764 0.07954545454545454
0 0.4865671641791045 0.06477272727272727 0.08955223880597014 0.075
0 0.5955223880597015 0.08522727272727272 0.0746268656716418 0.07954545454545454
0 0.5082089552238807 0.19318181818181818 0.1537313432835821 0.10909090909090909
0 0.408955223880597 0.28409090909090906 0.14626865671641792 0.12727272727272726
0 0.3873134328358209 0.17954545454545454 0.05223880597014925 0.06363636363636363
0 0.29402985074626864 0.2511363636363636 0.05373134328358209 0.056818181818181816
0 0.9059701492537313 0.46136363636363636 0.08656716417910448 0.07727272727272727
