0 0.47449768160741884 0.43388429752066116 0.15765069551777433 0.10743801652892562
0 0.7534775888717156 0.5316804407713499 0.14064914992272023 0.09366391184573003
0 0.2357032457496136 0.5234159779614325 0.13446676970633695 0.09366391184573003
0 0.2975270479134467 0.4559228650137741 0.10973724884080371 0.08539944903581267
0 0.7936630602782071 0.4118457300275482 0.0633693972179289 0.06336088154269973
0 0.945904173106646 0.5261707988980716 0.09891808346213292 0.12121212121212122
0 0.8493044822256569 0.6322314049586777 0.17465224111282843 0.12947658402203857
0 0.5672333848531684 0.3181818181818182 0.06800618238021638 0.0743801652892562
0 0.6051004636785162 0.41460055096418735 0.08500772797527048 0.046831955922865015
0 0.616692426584235 0.5289256198347108 0.08346213292117464 0.08264462809917356
0 0.2936630602782071 0.7589531680440772 0.40185471406491496 0.4435261707988981
