0 0.7149253731343284 0.9058956916099773 0.13134328358208955 0.1292517006802721
0 0.4126865671641791 0.782312925170068 0.11194029850746269 0.15873015873015872
0 0.5455223880597015 0.8095238095238095 0.08208955223880597 0.0816326530612245
0 0.24328358208955225 0.699546485260771 0.17611940298507464 0.16099773242630386
0 0.26492537313432835 0.5328798185941043 0.13880597014925372 0.163265306122449
0 0.5783582089552239 0.6179138321995465 0.19552238805970149 0.20634920634920637
0 0.1843283582089552 0.35147392290249435 0.04328358208955224 0.05895691609977324
0 0.0664179104477612 0.2857142857142857 0.058208955223880594 0.09070294784580499
0 0.05373134328358209 0.6009070294784581 0.10149253731343284 0.21315192743764172
0 0.9014925373134328 0.7925170068027211 0.05373134328358209 0.04308390022675737
0 0.9365671641791045 0.6666666666666666 0.049253731343283584 0.06349206349206349
0 0.8074626865671641 0.8061224489795918 0.0626865671641791 0.04761904761904762
0 0.40746268656716417 0.6235827664399093 0.03283582089552239 0.04081632653061225
0 0.4171641791044776 0.5510204081632654 0.028358208955223882 0.04081632653061225
0 0.4544776119402985 0.5147392290249433 0.03134328358208955 0.04081632653061225
0 0.4582089552238806 0.36394557823129253 0.08059701492537313 0.1564625850340136
0 0.30895522388059704 0.9365079365079365 0.08059701492537313 0.06349206349206349
