0 0.14250000000000002 0.7785185185185185 0.18666666666666668 0.21777777777777776
0 0.6204166666666667 0.6785185185185185 0.17583333333333334 0.2311111111111111
0 0.7200000000000001 0.3311111111111111 0.12666666666666668 0.0874074074074074
0 0.4754166666666667 0.2577777777777778 0.10416666666666667 0.07407407407407407
0 0.2225 0.37407407407407406 0.24666666666666667 0.13777777777777778
0 0.32625000000000004 0.6303703703703704 0.14250000000000002 0.17925925925925926
0 0.5266666666666667 0.4407407407407407 0.16166666666666668 0.1733333333333333
0 0.9020833333333333 0.14074074074074072 0.17750000000000002 0.10074074074074074
0 0.8075000000000001 0.26 0.15166666666666667 0.0874074074074074
0 0.6770833333333334 0.2096296296296296 0.07250000000000001 0.09037037037037036
1 0.8775000000000001 0.6903703703703703 0.23333333333333334 0.5985185185185184
