0 0.416875 0.5216666666666667 0.30625 0.27666666666666667
0 0.664375 0.40166666666666667 0.21375 0.14666666666666667
0 0.848125 0.5183333333333333 0.18375 0.11333333333333334
0 0.838125 0.635 0.20875 0.1
0 0.798125 0.8091666666666667 0.21125 0.2016666666666667
0 0.161875 0.8200000000000001 0.28375 0.21666666666666667
0 0.379375 0.17666666666666667 0.13125 0.11
0 0.57625 0.19666666666666668 0.155 0.06666666666666667
0 0.6625 0.2808333333333333 0.1625 0.07166666666666667
0 0.7175 0.18416666666666667 0.0775 0.055
0 0.869375 0.14583333333333334 0.06375 0.03833333333333334
0 0.2625 0.11666666666666667 0.085 0.03666666666666667
0 0.30062500000000003 0.0675 0.06125 0.04166666666666667
0 0.43875000000000003 0.09166666666666667 0.11 0.04666666666666667
0 0.555 0.07083333333333333 0.1225 0.04166666666666667
0 0.660625 0.095 0.10875 0.03333333333333333
0 0.5750000000000001 0.14166666666666666 0.1375 0.06666666666666667
