0 0.3723958333333333 0.6445672191528545 0.16354166666666667 0.15101289134438306
0 0.325 0.8655616942909761 0.11458333333333333 0.1141804788213628
0 0.6661458333333333 0.48987108655616945 0.11979166666666667 0.1289134438305709
0 0.53125 0.5230202578268877 0.14166666666666666 0.19521178637200737
0 0.3333333333333333 0.05156537753222836 0.07083333333333333 0.07734806629834254
0 0.3953125 0.03959484346224678 0.040625 0.04972375690607735
0 0.8057291666666666 0.56353591160221 0.090625 0.0847145488029466
0 0.709375 0.639963167587477 0.08958333333333333 0.1565377532228361
0 0.3390625 0.4640883977900553 0.15104166666666666 0.19521178637200737
0 0.29322916666666665 0.3268876611418048 0.04895833333333333 0.0570902394106814
0 0.4791666666666667 0.3305709023941068 0.052083333333333336 0.06077348066298343
0 0.5151041666666667 0.14825046040515655 0.042708333333333334 0.0570902394106814
0 0.1 0.16390423572744015 0.075 0.07734806629834254
0 0.965625 0.070902394106814 0.0625 0.07550644567219153
1 0.7869791666666667 0.2707182320441989 0.4197916666666667 0.287292817679558
1 0.13020833333333334 0.6307550644567219 0.25416666666666665 0.70902394106814
