0 0.47625968992248063 0.851118760757315 0.23934108527131784 0.2736660929432014
0 0.750484496124031 0.9173838209982789 0.2819767441860465 0.1549053356282272
0 0.7170542635658914 0.7951807228915663 0.09496124031007752 0.0757314974182444
0 0.6666666666666666 0.6359724612736661 0.07945736434108527 0.07056798623063684
0 0.27325581395348836 0.7392426850258176 0.08139534883720931 0.06368330464716007
0 0.3638565891472868 0.6609294320137694 0.17926356589147285 0.13080895008605853
0 0.5082364341085271 0.5731497418244407 0.12693798449612403 0.10327022375215146
0 0.3691860465116279 0.5327022375215147 0.09883720930232558 0.07401032702237521
0 0.3594961240310077 0.4466437177280551 0.07751937984496124 0.07056798623063684
0 0.6443798449612403 0.5283993115318417 0.12015503875968991 0.08605851979345956
