0 0.11197916666666667 0.46394230769230765 0.14270833333333333 0.07211538461538461
0 0.20260416666666667 0.4198717948717949 0.078125 0.05128205128205128
0 0.1109375 0.5416666666666666 0.18229166666666666 0.05769230769230769
0 0.36041666666666666 0.5368589743589743 0.10208333333333333 0.07692307692307693
0 0.621875 0.780448717948718 0.25625 0.3846153846153846
0 0.8322916666666667 0.844551282051282 0.09791666666666667 0.09935897435897435
0 0.5286458333333334 0.532051282051282 0.13645833333333332 0.08653846153846154
0 0.7807291666666667 0.49038461538461536 0.403125 0.21794871794871795
0 0.4401041666666667 0.4599358974358974 0.096875 0.07051282051282051
0 0.378125 0.35096153846153844 0.058333333333333334 0.038461538461538464
0 0.4375 0.38381410256410253 0.03958333333333333 0.030448717948717948
0 0.5302083333333333 0.391025641025641 0.07708333333333334 0.041666666666666664
0 0.18125 0.8902243589743589 0.04583333333333333 0.03365384615384615
0 0.4505208333333333 0.6899038461538461 0.07395833333333333 0.11378205128205128
0 0.5239583333333333 0.33253205128205127 0.04583333333333333 0.03365384615384615
0 0.6229166666666667 0.3645833333333333 0.11875 0.0625
0 0.26927083333333335 0.31810897435897434 0.08229166666666667 0.046474358974358976
