0 0.3764845605700713 0.8279857397504455 0.14489311163895488 0.11586452762923351
0 0.4827790973871734 0.7602495543672014 0.07482185273159145 0.058823529411764705
0 0.5635391923990499 0.605169340463458 0.0819477434679335 0.0481283422459893
0 0.6763657957244655 0.5926916221033868 0.10570071258907364 0.0481283422459893
0 0.7583135391923991 0.7468805704099821 0.10332541567695963 0.0641711229946524
0 0.8622327790973872 0.8074866310160428 0.09501187648456058 0.071301247771836
0 0.4251781472684086 0.48841354723707664 0.07600950118764846 0.0427807486631016
0 0.19121140142517815 0.4839572192513369 0.05463182897862233 0.0374331550802139
0 0.29572446555819476 0.5115864527629234 0.0665083135391924 0.0784313725490196
0 0.25415676959619954 0.6149732620320856 0.13539192399049882 0.08912655971479501
1 0.23871733966745845 0.4064171122994652 0.2945368171021378 0.10695187165775401
