1 0.5 0.49823321554770317 0.9953379953379954 0.9846878680800941
0 0.5493395493395493 0.5035335689045936 0.2222222222222222 0.14958775029446406
0 0.8741258741258742 0.5453474676089517 0.17249417249417248 0.12249705535924617
0 0.8356643356643356 0.7008244994110718 0.15462315462315462 0.0895170789163722
0 0.5858585858585859 0.27267373380447585 0.10256410256410256 0.0812720848056537
0 0.7432012432012433 0.21260306242638397 0.07536907536907538 0.05300353356890459
0 0.9261849261849262 0.0812720848056537 0.08547008547008547 0.08480565371024734
0 0.40093240093240096 0.11837455830388692 0.1414141414141414 0.06949352179034157
0 0.4428904428904429 0.22732626619552412 0.14607614607614608 0.0895170789163722
0 0.34265734265734266 0.4658421672555948 0.12121212121212122 0.09305064782096584
0 0.07031857031857032 0.16666666666666666 0.108003108003108 0.07420494699646643
0 0.1961926961926962 0.11896348645465252 0.0675990675990676 0.04946996466431095
