0 0.7212500000000001 0.900625 0.19083333333333335 0.11125
0 0.9075000000000001 0.7518750000000001 0.11166666666666668 0.04875
0 0.8058333333333334 0.693125 0.09000000000000001 0.03625
0 0.9554166666666667 0.68625 0.07916666666666668 0.045
0 0.5633333333333334 0.676875 0.165 0.07875
0 0.5683333333333334 0.789375 0.155 0.07375
0 0.19833333333333333 0.753125 0.17500000000000002 0.14875
0 0.046250000000000006 0.698125 0.07916666666666668 0.14125000000000001
0 0.4675 0.6118750000000001 0.2516666666666667 0.07375
0 0.7262500000000001 0.6062500000000001 0.19583333333333336 0.095
0 0.6241666666666668 0.5493750000000001 0.10333333333333335 0.07125000000000001
1 0.38833333333333336 0.894375 0.335 0.19875
