0 0.45915678524374176 0.49881516587677727 0.1225296442687747 0.28199052132701424
0 0.48616600790513836 0.7393364928909953 0.09749670619235837 0.11848341232227488
0 0.6225296442687748 0.830568720379147 0.11462450592885376 0.2251184834123223
0 0.7391304347826088 0.5959715639810427 0.10540184453227933 0.15876777251184834
0 0.8063241106719368 0.6848341232227488 0.06324110671936758 0.07582938388625593
0 0.7819499341238472 0.8696682464454977 0.08563899868247694 0.08056872037914692
0 0.8247694334650857 0.34004739336492895 0.1422924901185771 0.4431279620853081
0 0.9604743083003953 0.13270142180094788 0.08168642951251648 0.24644549763033177
0 0.9729907773386035 0.8341232227488152 0.043478260869565216 0.28436018957345977
0 0.818840579710145 0.9609004739336494 0.07246376811594203 0.05924170616113744
0 0.3570487483530962 0.7630331753554503 0.08695652173913043 0.18483412322274884
0 0.4670619235836627 0.8827014218009479 0.1673254281949934 0.23459715639810427
0 0.20355731225296445 0.9052132701421801 0.06455862977602109 0.06161137440758294
0 0.09683794466403163 0.7997630331753555 0.077733860342556 0.13033175355450238
0 0.09090909090909091 0.10545023696682465 0.05006587615283268 0.08293838862559243
