0 0.4 0.6824480369515011 0.16103896103896104 0.15473441108545036
0 0.4967532467532468 0.5785219399538106 0.09220779220779221 0.09006928406466512
0 0.6967532467532468 0.8614318706697459 0.18831168831168832 0.22170900692840645
0 0.685064935064935 0.6755196304849884 0.20909090909090908 0.11778290993071594
0 0.06818181818181818 0.4607390300230947 0.13116883116883116 0.09468822170900693
0 0.37272727272727274 0.44688221709006926 0.05974025974025974 0.06235565819861432
0 0.6266233766233766 0.5519630484988453 0.07402597402597402 0.07852193995381063
0 0.6220779220779221 0.37990762124711314 0.06493506493506493 0.08545034642032333
0 0.5318181818181819 0.31062355658198615 0.053246753246753244 0.053117782909930716
0 0.6662337662337662 0.30369515011547343 0.1038961038961039 0.04387990762124711
