0 0.65234375 0.8541666666666666 0.140625 0.15104166666666666
0 0.41552734375 0.732421875 0.2080078125 0.13411458333333331
0 0.58544921875 0.6484375 0.1416015625 0.0859375
0 0.546875 0.5631510416666666 0.10546875 0.061197916666666664
0 0.73291015625 0.521484375 0.1103515625 0.05598958333333333
0 0.6201171875 0.48307291666666663 0.17578125 0.06510416666666666
0 0.53076171875 0.42838541666666663 0.0869140625 0.03645833333333333
0 0.41552734375 0.5052083333333333 0.1123046875 0.0546875
0 0.42138671875 0.6087239583333333 0.1220703125 0.06640625
0 0.0859375 0.677734375 0.162109375 0.13411458333333331
0 0.1357421875 0.580078125 0.11328125 0.04817708333333333
0 0.18115234375 0.53125 0.1162109375 0.03125
0 0.2470703125 0.4680989583333333 0.08203125 0.03255208333333333
0 0.31396484375 0.4309895833333333 0.0869140625 0.03645833333333333
0 0.35791015625 0.3821614583333333 0.0693359375 0.024739583333333332
0 0.82666015625 0.3294270833333333 0.1630859375 0.1015625
0 0.9345703125 0.4973958333333333 0.1328125 0.20572916666666666
0 0.5517578125 0.345703125 0.064453125 0.03515625
0 0.61083984375 0.34830729166666663 0.0341796875 0.04296875
1 0.291015625 0.8899739583333333 0.56640625 0.19661458333333331
