0 0.42916666666666664 0.7518518518518519 0.0875 0.13703703703703704
0 0.5651041666666666 0.7787037037037038 0.07604166666666666 0.06851851851851852
0 0.490625 0.8870370370370371 0.1 0.1
0 0.34010416666666665 0.8972222222222223 0.10729166666666666 0.11296296296296297
0 0.20572916666666666 0.8944444444444445 0.078125 0.11481481481481481
0 0.3177083333333333 0.7212962962962963 0.08958333333333333 0.12407407407407407
0 0.12343749999999999 0.8175925925925926 0.134375 0.20185185185185187
0 0.3572916666666667 0.5314814814814816 0.05416666666666667 0.07037037037037037
0 0.41875 0.5462962962962963 0.03958333333333333 0.040740740740740744
0 0.45625 0.5805555555555556 0.05625 0.05
0 0.6270833333333333 0.937962962962963 0.12916666666666665 0.11296296296296297
0 0.7885416666666667 0.7055555555555556 0.35625 0.24444444444444446
0 0.5171875 0.525 0.13645833333333332 0.09074074074074075
1 0.4979166666666667 0.36203703703703705 0.35 0.19814814814814816
