0 0.6787878787878788 0.7088948787061995 0.5575757575757576 0.5606469002695418
0 0.8068181818181818 0.2695417789757413 0.22272727272727272 0.14016172506738545
0 0.3340909090909091 0.40161725067385445 0.2106060606060606 0.12398921832884098
0 0.19696969696969696 0.5269541778975741 0.20909090909090908 0.11590296495956874
0 0.27575757575757576 0.6778975741239892 0.0696969696969697 0.09973045822102426
0 0.023484848484848483 0.6617250673854448 0.04090909090909091 0.13746630727762804
0 0.1318181818181818 0.339622641509434 0.07575757575757576 0.07547169811320756
0 0.1590909090909091 0.2816711590296496 0.12727272727272726 0.10512129380053908
0 0.2840909090909091 0.3059299191374663 0.0803030303030303 0.09973045822102426
0 0.4712121212121212 0.22371967654986524 0.2 0.1725067385444744
0 0.668939393939394 0.08894878706199462 0.09545454545454546 0.0431266846361186
0 0.4628787878787879 0.10377358490566038 0.16818181818181818 0.10512129380053908
1 0.6424242424242425 0.03234501347708895 0.3424242424242424 0.05390835579514825
1 0.8416666666666667 0.12264150943396226 0.1318181818181818 0.12129380053908356
1 0.175 0.05929919137466308 0.31666666666666665 0.08086253369272238
