0 0.3847980997624703 0.8351158645276292 0.13539192399049882 0.13012477718360071
0 0.4774346793349169 0.7566844919786095 0.07363420427553445 0.062388591800356503
0 0.8515439429928742 0.8074866310160428 0.08788598574821853 0.0606060606060606
0 0.7725653206650832 0.749554367201426 0.0819477434679335 0.044563279857397504
1 0.6003562945368172 0.9180035650623886 0.2292161520190024 0.1461675579322638
1 0.6039192399049882 0.8003565062388591 0.14370546318289787 0.1283422459893048
0 0.565914489311164 0.6016042780748663 0.07957244655581948 0.0552584670231729
0 0.6828978622327792 0.5980392156862745 0.09263657957244656 0.0659536541889483
0 0.25475059382422804 0.624777183600713 0.15558194774346795 0.1122994652406417
0 0.18942992874109266 0.4839572192513369 0.043942992874109264 0.0409982174688057
0 0.42102137767220904 0.4928698752228164 0.10332541567695963 0.0659536541889483
0 0.30344418052256533 0.517825311942959 0.07957244655581948 0.06951871657754011
1 0.25415676959619954 0.4037433155080214 0.32066508313539194 0.10873440285204991
1 0.9524940617577198 0.7798573975044563 0.09026128266033255 0.4117647058823529
