0 0.5103174603174603 0.871822033898305 0.319047619047619 0.2055084745762712
1 0.7698412698412699 0.8802966101694916 0.15873015873015872 0.1885593220338983
0 0.8849206349206349 0.722457627118644 0.21746031746031746 0.11864406779661017
0 0.9595238095238096 0.885593220338983 0.08412698412698413 0.11440677966101695
0 0.7992063492063493 0.6197033898305084 0.11904761904761904 0.06567796610169492
0 0.4714285714285714 0.5063559322033898 0.13015873015873017 0.05084745762711865
0 0.30634920634920637 0.5328389830508474 0.15873015873015872 0.048728813559322036
0 0.24523809523809523 0.6398305084745762 0.2015873015873016 0.07627118644067797
0 0.173015873015873 0.7669491525423728 0.16825396825396827 0.11016949152542373
0 0.11904761904761904 0.923728813559322 0.23492063492063492 0.13135593220338984
0 0.4015873015873016 0.4385593220338983 0.273015873015873 0.07203389830508475
0 0.4452380952380952 0.3675847457627119 0.0873015873015873 0.036016949152542374
0 0.4793650793650794 0.3167372881355932 0.13333333333333333 0.04025423728813559
0 0.7555555555555555 0.3665254237288136 0.07301587301587302 0.03389830508474576
0 0.776984126984127 0.4163135593220339 0.09365079365079365 0.036016949152542374
0 0.9293650793650794 0.5413135593220338 0.13174603174603175 0.125
