0 0.146875 0.8183333333333334 0.28625 0.2366666666666667
0 0.41875 0.5066666666666667 0.31 0.28
0 0.67875 0.3916666666666667 0.1875 0.15000000000000002
0 0.8725 0.5358333333333334 0.19 0.10833333333333334
0 0.863125 0.6475000000000001 0.21625 0.10166666666666667
0 0.801875 0.7875000000000001 0.23625000000000002 0.16166666666666668
0 0.5806250000000001 0.20500000000000002 0.13625 0.06666666666666667
0 0.6725 0.28 0.1225 0.05666666666666667
0 0.719375 0.1875 0.07625 0.05166666666666667
0 0.925625 0.25333333333333335 0.07375 0.05
0 0.669375 0.09833333333333334 0.10875 0.043333333333333335
0 0.59375 0.1366666666666667 0.125 0.04666666666666667
0 0.39687500000000003 0.18083333333333335 0.14125000000000001 0.07166666666666667
0 0.25875 0.12333333333333334 0.0775 0.043333333333333335
1 0.43125 0.06166666666666667 0.3325 0.10666666666666667
1 0.48562500000000003 0.8375 0.37125 0.305
