0 0.8603316326530611 0.4909297052154195 0.26913265306122447 0.35147392290249435
0 0.6364795918367346 0.54421768707483 0.10714285714285714 0.14512471655328799
0 0.582908163265306 0.7721088435374149 0.13265306122448978 0.15192743764172337
0 0.517219387755102 0.9410430839002267 0.08801020408163264 0.108843537414966
0 0.6632653061224489 0.9603174603174603 0.09183673469387754 0.07936507936507936
0 0.3322704081632653 0.7936507936507937 0.1415816326530612 0.19501133786848074
0 0.4049744897959183 0.963718820861678 0.09056122448979591 0.06349206349206349
0 0.3380102040816326 0.536281179138322 0.07142857142857142 0.10657596371882086
0 0.47257653061224486 0.5861678004535148 0.03443877551020408 0.06575963718820863
0 0.5529336734693877 0.5600907029478458 0.03954081632653061 0.06802721088435375
0 0.5369897959183673 0.4489795918367347 0.0510204081632653 0.05895691609977324
0 0.6071428571428571 0.427437641723356 0.07653061224489795 0.07029478458049887
0 0.6741071428571428 0.39909297052154197 0.052295918367346934 0.08616780045351474
0 0.5363520408163265 0.37528344671201813 0.042091836734693876 0.05215419501133787
0 0.4419642857142857 0.46031746031746035 0.09821428571428571 0.09523809523809525
1 0.8596938775510203 0.8435374149659864 0.28061224489795916 0.29931972789115646
0 0.9043367346938774 0.15873015873015872 0.14795918367346939 0.13151927437641725
0 0.6989795918367346 0.1927437641723356 0.23724489795918366 0.20408163265306123
