0 0.47372488408037094 0.4393939393939394 0.1561051004636785 0.10192837465564739
0 0.7604327666151468 0.5261707988980716 0.1329211746522411 0.0881542699724518
0 0.848531684698609 0.6225895316804408 0.17001545595054096 0.12672176308539945
0 0.9528593508500772 0.5179063360881543 0.09119010819165378 0.09917355371900827
0 0.7905718701700154 0.4022038567493113 0.05100463678516229 0.06611570247933884
0 0.705564142194745 0.349862258953168 0.0695517774343122 0.049586776859504134
0 0.633693972179289 0.3305785123966942 0.04327666151468315 0.03856749311294766
0 0.6174652241112828 0.5275482093663912 0.08500772797527048 0.07988980716253444
0 0.6383307573415765 0.46556473829201106 0.07418856259659969 0.06060606060606061
0 0.24652241112828438 0.5385674931129477 0.16228748068006182 0.1184573002754821
0 0.3029366306027821 0.4573002754820937 0.10200927357032458 0.07162534435261708
0 0.5726429675425039 0.33608815426997246 0.06646058732612055 0.0881542699724518
0 0.24574961360123648 0.7658402203856749 0.46367851622874806 0.4628099173553719
1 0.8361669242658424 0.8415977961432507 0.31530139103554866 0.29476584022038566
