0 0.6763678696158324 0.8333333333333334 0.4214202561117579 0.2794326241134752
0 0.6548311990686845 0.5007092198581561 0.2549476135040745 0.17021276595744683
0 0.7857974388824214 0.39290780141843973 0.239813736903376 0.07659574468085106
0 0.789871944121071 0.32056737588652484 0.15948777648428406 0.04539007092198582
0 0.6274738067520372 0.3546099290780142 0.1559953434225844 0.056737588652482275
0 0.4458672875436554 0.4170212765957447 0.11641443538998836 0.04539007092198582
0 0.07566938300349244 0.7624113475177305 0.1350407450523865 0.12624113475177307
0 0.30558789289871946 0.5893617021276596 0.04307334109429569 0.04113475177304965
0 0.3341094295692666 0.3794326241134752 0.07217694994179279 0.055319148936170216
0 0.3917345750873108 0.32553191489361705 0.0989522700814901 0.04680851063829788
0 0.449941792782305 0.3673758865248227 0.11059371362048893 0.04539007092198582
0 0.5436554132712457 0.3141843971631206 0.07683352735739231 0.04964539007092199
0 0.45459837019790456 0.27163120567375887 0.06635622817229336 0.04680851063829788
0 0.5151338766006984 0.2397163120567376 0.0779976717112922 0.03687943262411348
0 0.6967403958090803 0.2865248226950355 0.11525029103608847 0.03120567375886525
0 0.6414435389988359 0.31063829787234043 0.06752037252619325 0.04539007092198582
0 0.6472642607683352 0.26028368794326245 0.11408614668218858 0.03829787234042553
0 0.7136204889406286 0.2198581560283688 0.07916181606519208 0.03120567375886525
1 0.6146682188591385 0.14822695035460995 0.30733410942956924 0.09503546099290781
