0 0.23564814814814816 0.6489493201483312 0.10462962962962963 0.07911001236093942
0 0.33240740740740743 0.48269468479604444 0.06296296296296297 0.04820766378244746
0 0.2763888888888889 0.49690976514215074 0.04351851851851852 0.05933250927070457
0 0.18935185185185185 0.5945611866501853 0.05462962962962963 0.04202719406674907
0 0.11574074074074074 0.507416563658838 0.13518518518518519 0.07787391841779974
0 0.12731481481481483 0.4505562422744128 0.05648148148148149 0.05067985166872682
0 0.5467592592592593 0.4264524103831891 0.0712962962962963 0.037082818294190356
0 0.6476851851851853 0.3875154511742892 0.13240740740740742 0.10259579728059331
0 0.37777777777777777 0.30469715698393074 0.44074074074074077 0.17181705809641531
0 0.6083333333333334 0.7175525339925833 0.7777777777777778 0.5599505562422744
