1 0.2276315789473684 0.6939102564102564 0.15526315789473683 0.125
1 0.3881578947368421 0.7580128205128205 0.13421052631578947 0.18269230769230768
1 0.4789473684210526 0.9150641025641025 0.12631578947368421 0.125
1 0.24078947368421053 0.9150641025641025 0.14473684210526316 0.15064102564102563
1 0.6578947368421052 0.7932692307692307 0.2789473684210526 0.3942307692307692
1 0.8144736842105263 0.6041666666666666 0.09736842105263158 0.11858974358974358
1 0.9197368421052632 0.8862179487179487 0.13421052631578947 0.22756410256410256
1 0.43684210526315786 0.43108974358974356 0.11052631578947368 0.10576923076923077
1 0.5815789473684211 0.4455128205128205 0.13157894736842105 0.05769230769230769
1 0.5868421052631578 0.5352564102564102 0.17894736842105263 0.08974358974358974
1 0.6947368421052631 0.40544871794871795 0.08947368421052632 0.07371794871794872
1 0.8065789473684211 0.47435897435897434 0.08157894736842106 0.08333333333333333
1 0.6236842105263157 0.28685897435897434 0.3368421052631579 0.125
1 0.14210526315789473 0.29967948717948717 0.10526315789473684 0.09294871794871795
