0 0.15303030303030302 0.836046511627907 0.17272727272727273 0.14651162790697675
0 0.14772727272727273 0.9488372093023256 0.07424242424242425 0.09302325581395349
0 0.7636363636363637 0.827906976744186 0.13636363636363635 0.13023255813953488
0 0.8159090909090909 0.6872093023255814 0.1409090909090909 0.10465116279069767
0 0.7977272727272727 0.6069767441860465 0.08333333333333333 0.06511627906976744
0 0.37272727272727274 0.8034883720930233 0.15151515151515152 0.14186046511627906
0 0.35984848484848486 0.6616279069767442 0.3712121212121212 0.1930232558139535
0 0.5598484848484848 0.5686046511627907 0.07424242424242425 0.09534883720930232
0 0.6507575757575758 0.5488372093023256 0.05606060606060606 0.07441860465116279
0 0.7007575757575758 0.9674418604651163 0.16818181818181818 0.06976744186046512
0 0.06515151515151515 0.6767441860465117 0.12121212121212122 0.07906976744186046
