0 0.30895522388059704 0.6164079822616408 0.22985074626865673 0.15964523281596452
0 0.17238805970149254 0.49889135254988914 0.24029850746268658 0.10643015521064302
0 0.39850746268656717 0.45787139689578715 0.1791044776119403 0.1130820399113082
0 0.7664179104477612 0.8614190687361419 0.4492537313432836 0.25055432372505543
0 0.8671641791044776 0.5798226164079823 0.0955223880597015 0.082039911308204
0 0.7156716417910448 0.5576496674057649 0.18059701492537314 0.1662971175166297
0 0.5850746268656717 0.4379157427937916 0.09850746268656717 0.06430155210643015
0 0.503731343283582 0.5332594235033259 0.1 0.06430155210643015
0 0.27313432835820894 0.37915742793791574 0.12835820895522387 0.15964523281596452
0 0.4626865671641791 0.3425720620842572 0.17313432835820897 0.06430155210643015
0 0.6559701492537313 0.29711751662971175 0.06417910447761194 0.044345898004434586
0 0.7238805970149254 0.3458980044345898 0.06567164179104477 0.03547671840354767
0 0.9522388059701493 0.43458980044345896 0.0626865671641791 0.057649667405764965
0 0.8 0.2793791574279379 0.0955223880597015 0.05321507760532151
0 0.9679104477611941 0.3093126385809313 0.058208955223880594 0.04656319290465632
0 0.25149253731343285 0.24722838137472283 0.11492537313432837 0.07760532150776053
1 0.46940298507462686 0.20953436807095344 0.27611940298507465 0.13968957871396895
1 0.26343283582089555 0.8481152993348116 0.5059701492537313 0.2771618625277162
