0 0.4460269865067466 0.6746724890829694 0.34632683658170915 0.32751091703056767
0 0.6544227886056971 0.9377729257641921 0.2083958020989505 0.12882096069868995
0 0.25412293853073464 0.5087336244541485 0.10944527736131934 0.09170305676855894
0 0.08995502248875561 0.5665938864628821 0.1649175412293853 0.22925764192139736
0 0.08095952023988005 0.8657205240174672 0.14392803598200898 0.26419213973799127
0 0.8125937031484257 0.7030567685589519 0.36881559220389803 0.43668122270742354
0 0.7548725637181409 0.3504366812227074 0.1424287856071964 0.12008733624454147
0 0.5734632683658171 0.4104803493449781 0.08545727136431784 0.074235807860262
0 0.46851574212893554 0.4170305676855895 0.07646176911544228 0.08733624454148471
0 0.4992503748125937 0.33078602620087333 0.09295352323838081 0.05895196506550218
0 0.3703148425787106 0.3286026200873362 0.07796101949025487 0.08515283842794759
0 0.2646176911544228 0.35152838427947597 0.08245877061469264 0.06986899563318777
0 0.2608695652173913 0.28820960698689957 0.06896551724137931 0.074235807860262
0 0.15217391304347824 0.38427947598253276 0.08845577211394302 0.06986899563318777
0 0.04947526236881559 0.36244541484716153 0.08695652173913043 0.074235807860262
0 0.4872563718140929 0.27838427947598254 0.05997001499250375 0.04585152838427947
0 0.6604197901049476 0.25109170305676853 0.22638680659670163 0.11353711790393012
0 0.8050974512743628 0.2652838427947598 0.047976011994003 0.04148471615720524
0 0.8838080959520239 0.26419213973799127 0.07946026986506746 0.026200873362445413
0 0.848575712143928 0.185589519650655 0.1169415292353823 0.074235807860262
0 0.9332833583208395 0.3700873362445415 0.13343328335832083 0.19432314410480347
0 0.5322338830584707 0.1888646288209607 0.11394302848575712 0.06768558951965065
0 0.6409295352323838 0.15829694323144103 0.11244377811094453 0.04585152838427947
0 0.4332833583208396 0.23471615720524017 0.08995502248875561 0.07641921397379912
0 0.17166416791604197 0.24344978165938863 0.0704647676161919 0.04148471615720524
