0 0.6746093750000001 0.41805555555555557 0.27109375 0.10555555555555556
0 0.68671875 0.32222222222222224 0.0625 0.03888888888888889
0 0.458984375 0.4666666666666667 0.12265625000000001 0.08888888888888889
0 0.5890625 0.7243055555555555 0.059375000000000004 0.10138888888888889
0 0.6125 0.5048611111111111 0.0671875 0.04583333333333334
0 0.49609375 0.35347222222222224 0.11093750000000001 0.0763888888888889
0 0.29921875000000003 0.38125000000000003 0.17343750000000002 0.09305555555555556
0 0.8875000000000001 0.5750000000000001 0.225 0.23055555555555557
1 0.878125 0.84375 0.22968750000000002 0.28194444444444444
1 0.24531250000000002 0.49097222222222225 0.290625 0.11527777777777778
1 0.177734375 0.7756944444444445 0.34921875 0.4375
1 0.437109375 0.28402777777777777 0.12734375 0.04861111111111111
0 0.52578125 0.2763888888888889 0.06875 0.06666666666666667
