0 0.39364406779661015 0.32153614457831325 0.2076271186440678 0.16114457831325302
0 0.6203389830508474 0.30647590361445787 0.0983050847457627 0.10993975903614459
0 0.6665254237288135 0.4246987951807229 0.08050847457627118 0.09036144578313253
0 0.659322033898305 0.213855421686747 0.10169491525423728 0.060240963855421686
0 0.8906779661016949 0.795933734939759 0.19491525423728814 0.21837349397590364
1 0.7923728813559322 0.09939759036144578 0.08813559322033898 0.1746987951807229
1 0.3754237288135593 0.7093373493975904 0.21016949152542372 0.5572289156626506
1 0.8601694915254237 0.5030120481927711 0.2677966101694915 0.3253012048192771
0 0.13516949152542374 0.43900602409638556 0.25677966101694916 0.33283132530120485
0 0.44449152542372883 0.12123493975903615 0.07033898305084746 0.07379518072289157
0 0.4940677966101695 0.04969879518072289 0.03559322033898305 0.057228915662650606
