0 0.5281250000000001 0.8034722222222223 0.19687500000000002 0.3875
0 0.7371093750000001 0.6458333333333334 0.24140625000000002 0.26944444444444443
0 0.9417968750000001 0.8090277777777778 0.07265625 0.11527777777777778
0 0.637890625 0.4715277777777778 0.08828125 0.06805555555555556
0 0.566015625 0.5083333333333333 0.07265625 0.07777777777777778
0 0.81171875 0.4027777777777778 0.1375 0.09444444444444444
0 0.7210937500000001 0.22847222222222224 0.13125 0.07083333333333333
0 0.641796875 0.34652777777777777 0.14765625000000002 0.10694444444444445
0 0.4921875 0.3027777777777778 0.115625 0.07777777777777778
0 0.487890625 0.44027777777777777 0.26015625000000003 0.23611111111111113
0 0.1859375 0.6298611111111111 0.3671875 0.4625
