0 0.4010416666666667 0.7375 0.19791666666666666 0.096875
0 0.6901041666666666 0.8359375 0.353125 0.26875
0 0.8197916666666667 0.6507812500000001 0.25 0.1609375
0 0.8489583333333334 0.5320312500000001 0.2520833333333333 0.1015625
0 0.5526041666666667 0.553125 0.3072916666666667 0.08125
0 0.29270833333333335 0.5875 0.16666666666666666 0.0625
0 0.32135416666666666 0.50546875 0.053125 0.026562500000000003
1 0.4984375 0.8093750000000001 0.9927083333333333 0.371875
1 0.640625 0.38515625000000003 0.6520833333333333 0.1484375
1 0.09947916666666666 0.46406250000000004 0.190625 0.20625000000000002
