0 0.7126865671641791 0.8968253968253969 0.1328358208955224 0.15192743764172337
0 0.5477611940298508 0.8117913832199547 0.08955223880597014 0.09523809523809525
0 0.41194029850746267 0.782312925170068 0.10746268656716418 0.14058956916099774
0 0.24925373134328357 0.6938775510204082 0.17313432835820897 0.163265306122449
0 0.26343283582089555 0.5215419501133787 0.12985074626865672 0.14965986394557823
0 0.42014925373134326 0.5600907029478458 0.04328358208955224 0.045351473922902494
0 0.05074626865671642 0.6031746031746031 0.09850746268656717 0.17687074829931973
0 0.5873134328358209 0.6258503401360545 0.2164179104477612 0.23129251700680273
0 0.27313432835820894 0.917233560090703 0.1492537313432836 0.12471655328798187
0 0.1492537313432836 0.3231292517006803 0.06865671641791045 0.05668934240362812
