0 0.4336734693877551 0.8390022675736961 0.14285714285714285 0.2766439909297052
0 0.6007653061224489 0.8514739229024944 0.11479591836734693 0.1292517006802721
0 0.7487244897959183 0.6700680272108843 0.3443877551020408 0.2698412698412698
0 0.3781887755102041 0.4852607709750567 0.19515306122448978 0.15419501133786848
0 0.5452806122448979 0.4070294784580499 0.09821428571428571 0.08843537414965986
0 0.6434948979591836 0.26643990929705214 0.1288265306122449 0.12018140589569161
0 0.7582908163265305 0.22562358276643993 0.06249999999999999 0.07936507936507936
0 0.9496173469387754 0.380952380952381 0.09566326530612244 0.09977324263038549
0 0.9005102040816326 0.4965986394557823 0.08418367346938775 0.13151927437641725
0 0.059311224489795915 0.8503401360544218 0.08035714285714285 0.15419501133786848
0 0.04783163265306122 0.5430839002267573 0.07015306122448979 0.09750566893424037
0 0.409438775510204 0.22448979591836735 0.1096938775510204 0.054421768707483
0 0.43558673469387754 0.3287981859410431 0.09311224489795918 0.05895691609977324
0 0.41772959183673464 0.11564625850340136 0.14413265306122447 0.04081632653061225
1 0.2315051020408163 0.7913832199546486 0.21045918367346936 0.3900226757369615
1 0.8456632653061223 0.9138321995464853 0.2933673469387755 0.1360544217687075
1 0.20216836734693877 0.30839002267573695 0.1288265306122449 0.5170068027210885
1 0.6014030612244897 0.108843537414966 0.19005102040816324 0.15873015873015872
