0 0.3276119402985075 0.3943181818181818 0.0791044776119403 0.08863636363636364
0 0.34328358208955223 0.4875 0.10149253731343284 0.075
0 0.4582089552238806 0.5499999999999999 0.10149253731343284 0.09545454545454544
0 0.10298507462686567 0.7602272727272726 0.08358208955223881 0.08863636363636364
0 0.1783582089552239 0.65 0.05522388059701493 0.08181818181818182
0 0.22238805970149253 0.5340909090909091 0.0 0.0
0 0.24029850746268658 0.5897727272727272 0.05373134328358209 0.075
0 0.1208955223880597 0.609090909090909 0.04776119402985075 0.05454545454545454
0 0.1492537313432836 0.5261363636363636 0.05373134328358209 0.07954545454545454
0 0.1865671641791045 0.45568181818181813 0.07761194029850746 0.08863636363636364
0 0.06417910447761194 0.5420454545454545 0.07761194029850746 0.0659090909090909
0 0.8977611940298508 0.8488636363636364 0.10597014925373134 0.1340909090909091
0 0.8126865671641791 0.959090909090909 0.08507462686567165 0.07272727272727272
0 0.2544776119402985 0.3318181818181818 0.1208955223880597 0.08181818181818182
0 0.11044776119402985 0.3693181818181818 0.05970149253731343 0.04772727272727272
0 0.0373134328358209 0.48068181818181815 0.0746268656716418 0.07954545454545454
0 0.0708955223880597 0.425 0.05522388059701493 0.049999999999999996
0 0.5985074626865672 0.07954545454545454 0.07164179104477612 0.07272727272727272
0 0.6171641791044776 0.14545454545454545 0.05223880597014925 0.045454545454545456
0 0.7544776119402985 0.0715909090909091 0.06119402985074627 0.075
0 0.8291044776119403 0.07386363636363635 0.049253731343283584 0.07954545454545454
0 0.9082089552238806 0.1534090909090909 0.06417910447761194 0.0659090909090909
0 0.95 0.21704545454545454 0.04328358208955224 0.038636363636363635
0 0.8970149253731343 0.28068181818181814 0.08358208955223881 0.09318181818181817
0 0.905223880597015 0.46704545454545454 0.08805970149253732 0.07045454545454545
0 0.9783582089552239 0.48636363636363633 0.04029850746268657 0.08636363636363636
0 0.9597014925373134 0.7636363636363636 0.0626865671641791 0.08636363636363636
0 0.8022388059701493 0.29772727272727273 0.08208955223880597 0.09999999999999999
0 0.7865671641791044 0.22727272727272727 0.06865671641791045 0.06363636363636363
0 0.6835820895522388 0.20681818181818182 0.08059701492537313 0.07727272727272727
0 0.4 0.09886363636363636 0.06865671641791045 0.08863636363636364
0 0.3932835820895522 0.18181818181818182 0.07611940298507462 0.05454545454545454
0 0.5171641791044777 0.1943181818181818 0.1328358208955224 0.12045454545454545
0 0.14253731343283582 0.2852272727272727 0.04626865671641791 0.0659090909090909
0 0.2373134328358209 0.10113636363636364 0.05074626865671642 0.04772727272727272
0 0.2947761194029851 0.06363636363636363 0.058208955223880594 0.07272727272727272
0 0.1126865671641791 0.20795454545454545 0.12388059701492538 0.075
0 0.026865671641791045 0.3818181818181818 0.029850746268656716 0.045454545454545456
0 0.15447761194029852 0.07386363636363635 0.07611940298507462 0.12954545454545455
0 0.48432835820895526 0.060227272727272727 0.07313432835820896 0.07954545454545454
0 0.7186567164179104 0.01818181818181818 0.07611940298507462 0.02727272727272727
0 0.7 0.5943181818181817 0.15223880597014924 0.1477272727272727
0 0.8850746268656716 0.65 0.2208955223880597 0.2954545454545454
0 0.2701492537313433 0.8624999999999999 0.0955223880597015 0.125
0 0.4619402985074627 0.9329545454545454 0.05223880597014925 0.056818181818181816
0 0.6171641791044776 0.9738636363636363 0.10895522388059702 0.038636363636363635
0 0.6276119402985074 0.7806818181818181 0.34776119402985073 0.3977272727272727
0 0.41492537313432837 0.29886363636363633 0.1253731343283582 0.1431818181818182
0 0.6738805970149254 0.39545454545454545 0.24925373134328357 0.3318181818181818
