0 0.4748062015503876 0.8623063683304647 0.24612403100775193 0.23407917383821
0 0.7577519379844961 0.9199655765920827 0.3003875968992248 0.1566265060240964
0 0.37112403100775193 0.6592082616179002 0.18023255813953487 0.10327022375215146
0 0.2742248062015504 0.7358003442340793 0.07945736434108527 0.08433734939759037
0 0.2437015503875969 0.6376936316695353 0.061046511627906974 0.05679862306368331
0 0.3062015503875969 0.5705679862306369 0.11434108527131782 0.05679862306368331
0 0.5251937984496124 0.5654044750430293 0.16666666666666666 0.11187607573149742
0 0.6676356589147286 0.6471600688468159 0.08527131782945736 0.07228915662650602
0 0.7175387596899224 0.7908777969018933 0.09011627906976744 0.07056798623063684
1 0.1065891472868217 0.746987951807229 0.20348837209302326 0.4991394148020654
