0 0.44 0.6012500000000001 0.12375 0.08083333333333334
0 0.3484375 0.6566666666666667 0.07062500000000001 0.065
0 0.348125 0.7366666666666667 0.1225 0.08
0 0.085625 0.7145833333333333 0.1275 0.08916666666666667
0 0.18156250000000002 0.76375 0.083125 0.0275
0 0.1821875 0.635 0.059375000000000004 0.04833333333333334
0 0.1075 0.5283333333333333 0.08750000000000001 0.065
0 0.28375 0.5020833333333333 0.07375 0.0425
0 0.2434375 0.5329166666666667 0.089375 0.04583333333333334
0 0.761875 0.5516666666666667 0.4525 0.26833333333333337
0 0.68375 0.37583333333333335 0.08875 0.04666666666666667
0 0.309375 0.4404166666666667 0.13375 0.0625
0 0.3975 0.4691666666666667 0.05375 0.04166666666666667
0 0.1953125 0.47625 0.050625 0.052500000000000005
0 0.11156250000000001 0.46875000000000006 0.069375 0.04416666666666667
0 0.030625 0.5850000000000001 0.045 0.043333333333333335
0 0.35000000000000003 0.3891666666666667 0.095 0.055
0 0.424375 0.36375 0.06875 0.04583333333333334
0 0.635 0.30125 0.07375 0.022500000000000003
0 0.565625 0.35583333333333333 0.03375 0.028333333333333335
0 0.5578125 0.3929166666666667 0.039375 0.025833333333333337
0 0.2628125 0.3775 0.07062500000000001 0.03166666666666667
0 0.435 0.3141666666666667 0.12375 0.043333333333333335
0 0.528125 0.2729166666666667 0.12 0.030833333333333334
