0 0.20141342756183744 0.25096824167312165 0.29210836277974084 0.07126258714175059
0 0.5064782096584216 0.31138652207591017 0.303886925795053 0.06506584043377227
0 0.5800942285041224 0.23625096824167313 0.19434628975265017 0.054221533694810226
0 0.8792697290930506 0.49728892331525953 0.24381625441696111 0.10224632068164215
0 0.3162544169611307 0.3838109992254067 0.1330977620730271 0.056545313710302095
0 0.823321554770318 0.27807900852052675 0.11542991755005888 0.05267234701781565
0 0.2879858657243816 0.18474051123160343 0.3992932862190812 0.042602633617350893
0 0.04652532391048292 0.3392718822618126 0.08362779740871613 0.057319907048799384
0 0.05594817432273262 0.014329976762199846 0.10011778563015311 0.014717273431448491
0 0.03297997644287397 0.0600309837335399 0.05653710247349823 0.025561580170410537
0 0.1260306242638398 0.04453911696359412 0.05653710247349823 0.020914020139426802
0 0.20200235571260305 0.05770720371804803 0.05771495877502944 0.011618900077459334
0 0.40930506478209655 0.017815646785437646 0.06242638398115429 0.013942680092951201
1 0.3739693757361602 0.5747482571649885 0.7385159010600706 0.2865995352439969
1 0.7438162544169611 0.10340821068938807 0.5005889281507656 0.19907048799380325
1 0.24558303886925792 0.11928737412858251 0.4770318021201413 0.07900852052672347
1 0.8433451118963485 0.37296669248644465 0.27326266195524146 0.09992254066615028
1 0.3710247349823321 0.04918667699457785 0.22850412249705535 0.050348567002323784
0 0.9546525323910482 0.2978311386522076 0.09069493521790341 0.041053446940356314
