0 0.5126953125 0.8566176470588235 0.2578125 0.26029411764705884
0 0.7294921875 0.5691176470588235 0.123046875 0.09411764705882353
0 0.89892578125 0.6272058823529412 0.1162109375 0.10147058823529412
0 0.5068359375 0.6375 0.150390625 0.13676470588235293
0 0.541015625 0.4852941176470588 0.142578125 0.09411764705882353
0 0.6708984375 0.4676470588235294 0.04296875 0.032352941176470584
0 0.7333984375 0.4279411764705882 0.099609375 0.07058823529411765
0 0.78662109375 0.3897058823529412 0.1396484375 0.08235294117647059
0 0.65087890625 0.34852941176470587 0.1533203125 0.041176470588235294
0 0.56298828125 0.3941176470588235 0.1181640625 0.05
0 0.421875 0.39338235294117646 0.103515625 0.09852941176470588
0 0.39111328125 0.49117647058823527 0.0771484375 0.1323529411764706
0 0.3291015625 0.775 0.095703125 0.40294117647058825
0 0.57666015625 0.28602941176470587 0.1005859375 0.025
0 0.603515625 0.3176470588235294 0.12109375 0.032352941176470584
0 0.6923828125 0.2786764705882353 0.060546875 0.030882352941176472
1 0.13671875 0.5639705882352941 0.271484375 0.8426470588235294
1 0.31298828125 0.3551470588235294 0.0712890625 0.4161764705882353
1 0.4228515625 0.23823529411764705 0.134765625 0.17941176470588235
1 0.66015625 0.2051470588235294 0.3046875 0.10147058823529412
1 0.9091796875 0.2580882352941176 0.171875 0.16911764705882354
