0 0.65576171875 0.6497395833333333 0.3173828125 0.26041666666666663
0 0.95361328125 0.6145833333333333 0.0888671875 0.16666666666666666
0 0.8798828125 0.443359375 0.1171875 0.11588541666666666
0 0.3310546875 0.8209635416666666 0.287109375 0.31640625
0 0.1640625 0.46875 0.318359375 0.29166666666666663
0 0.3759765625 0.4641927083333333 0.1015625 0.12890625
0 0.67529296875 0.3203125 0.1611328125 0.0703125
0 0.8330078125 0.30533854166666663 0.125 0.04817708333333333
0 0.46142578125 0.28515625 0.1455078125 0.07552083333333333
0 0.87060546875 0.20638020833333331 0.2099609375 0.061197916666666664
0 0.72998046875 0.173828125 0.0537109375 0.06380208333333333
0 0.494140625 0.146484375 0.0390625 0.06901041666666666
0 0.21923828125 0.2864583333333333 0.0517578125 0.05989583333333333
0 0.650390625 0.4368489583333333 0.291015625 0.13151041666666666
