0 0.365533230293663 0.43112947658402206 0.10973724884080371 0.15151515151515152
0 0.3222565687789799 0.5798898071625345 0.0633693972179289 0.0743801652892562
0 0.3284389489953632 0.6859504132231405 0.08191653786707882 0.11019283746556474
0 0.4273570324574961 0.6115702479338843 0.0571870170015456 0.07713498622589532
0 0.49845440494590415 0.5426997245179064 0.07573415765069552 0.1322314049586777
0 0.5850077279752705 0.46831955922865015 0.05100463678516229 0.0881542699724518
0 0.6058732612055642 0.534435261707989 0.0401854714064915 0.07162534435261708
0 0.6669242658423493 0.4132231404958678 0.14683153013910355 0.18732782369146006
0 0.1321483771251932 0.6611570247933884 0.07573415765069552 0.15977961432506887
0 0.2017001545595054 0.5330578512396694 0.1035548686244204 0.2066115702479339
0 0.08500772797527048 0.4490358126721763 0.09891808346213292 0.18181818181818182
0 0.07264296754250386 0.7878787878787878 0.0865533230293663 0.11019283746556474
0 0.8778979907264297 0.35674931129476584 0.1267387944358578 0.18457300275482094
0 0.9768160741885625 0.4035812672176309 0.03709428129829984 0.18457300275482094
0 0.7859350850077279 0.7369146005509642 0.14683153013910355 0.278236914600551
0 0.47527047913446674 0.39669421487603307 0.14064914992272023 0.13774104683195593
0 0.9304482225656878 0.7341597796143251 0.12982998454404945 0.38842975206611574
0 0.4760432766615147 0.8264462809917356 0.2596599690880989 0.22589531680440772
0 0.6599690880989181 0.581267217630854 0.05255023183925811 0.13774104683195593
