0 0.34615384615384615 0.6526195899772209 0.3717948717948718 0.3211845102505695
0 0.6608974358974359 0.46697038724373574 0.22692307692307692 0.1594533029612756
0 0.8153846153846154 0.7779043280182232 0.3384615384615385 0.3667425968109339
0 0.9115384615384615 0.2380410022779043 0.16923076923076924 0.1480637813211845
0 0.7711538461538462 0.14123006833712984 0.191025641025641 0.12300683371298404
0 0.5673076923076923 0.20501138952164008 0.25256410256410255 0.18223234624145784
0 0.4217948717948718 0.3542141230068337 0.20512820512820512 0.19817767653758542
0 0.23717948717948717 0.1947608200455581 0.26153846153846155 0.17539863325740318
0 0.22435897435897437 0.06947608200455581 0.18974358974358974 0.10706150341685648
0 0.7019230769230769 0.05125284738041002 0.19615384615384615 0.08428246013667426
