0 0.5364583333333334 0.5257826887661142 0.1625 0.1565377532228361
0 0.3203125 0.8683241252302026 0.121875 0.10865561694290976
0 0.3651041666666667 0.6519337016574586 0.16979166666666667 0.13996316758747698
0 0.7125 0.6445672191528545 0.09166666666666666 0.17679558011049723
0 0.665625 0.49171270718232046 0.12916666666666665 0.16206261510128914
0 0.34375 0.4585635359116022 0.17708333333333334 0.19152854511970535
0 0.296875 0.3241252302025783 0.052083333333333336 0.06629834254143646
0 0.2546875 0.3268876611418048 0.051041666666666666 0.06445672191528545
0 0.34270833333333334 0.06353591160220995 0.07083333333333333 0.09392265193370167
0 0.39479166666666665 0.04143646408839779 0.041666666666666664 0.0570902394106814
0 0.8005208333333333 0.565377532228361 0.071875 0.0994475138121547
0 0.9057291666666667 0.7578268876611418 0.18020833333333333 0.23388581952117865
0 0.10052083333333334 0.16482504604051565 0.07604166666666666 0.0865561694290976
0 0.11979166666666667 0.6279926335174955 0.23541666666666666 0.710865561694291
0 0.8354166666666667 0.19705340699815838 0.31875 0.20626151012891344
0 0.8635416666666667 0.3747697974217311 0.26875 0.13812154696132597
0 0.6432291666666666 0.34714548802946593 0.14479166666666665 0.10497237569060774
0 0.4786458333333333 0.3305709023941068 0.053125 0.0718232044198895
0 0.5098958333333333 0.15285451197053407 0.051041666666666666 0.05156537753222836
0 0.35052083333333334 0.18968692449355434 0.06770833333333333 0.1141804788213628
0 0.2265625 0.18876611418047884 0.14270833333333333 0.14917127071823205
