0 0.4522569444444444 0.814453125 0.234375 0.13411458333333331
0 0.28125 0.71875 0.10416666666666666 0.0625
0 0.3263888888888889 0.6302083333333333 0.10069444444444443 0.05989583333333333
0 0.6467013888888888 0.697265625 0.1267361111111111 0.07421875
0 0.34635416666666663 0.4622395833333333 0.109375 0.03645833333333333
0 0.3333333333333333 0.4192708333333333 0.07638888888888888 0.0234375
0 0.5390625 0.423828125 0.07118055555555555 0.029947916666666664
0 0.6805555555555555 0.5794270833333333 0.0625 0.033854166666666664
0 0.868923611111111 0.6634114583333333 0.08854166666666666 0.09244791666666666
1 0.5008680555555556 0.92578125 0.9739583333333333 0.140625
1 0.8046875 0.4016927083333333 0.3802083333333333 0.3059895833333333
1 0.29947916666666663 0.23046875 0.5572916666666666 0.0703125
