0 0.44132653061224486 0.7947845804988662 0.3341836734693877 0.36054421768707484
0 0.8118622448979591 0.7993197278911565 0.3711734693877551 0.3922902494331066
0 0.9355867346938774 0.4523809523809524 0.13137755102040816 0.2562358276643991
0 0.7455357142857142 0.435374149659864 0.13392857142857142 0.15419501133786848
0 0.822704081632653 0.3673469387755102 0.033163265306122444 0.045351473922902494
0 0.8112244897959183 0.31519274376417233 0.038265306122448974 0.054421768707483
0 0.8711734693877551 0.22675736961451248 0.15816326530612243 0.09070294784580499
0 0.5720663265306122 0.4829931972789116 0.09056122448979591 0.07256235827664399
0 0.4649234693877551 0.4886621315192744 0.08801020408163264 0.07029478458049887
0 0.2544642857142857 0.6122448979591837 0.08801020408163264 0.09070294784580499
0 0.2576530612244898 0.4251700680272109 0.08418367346938775 0.10204081632653061
0 0.3724489795918367 0.3979591836734694 0.06632653061224489 0.09750566893424037
0 0.48405612244897955 0.3356009070294785 0.06249999999999999 0.054421768707483
0 0.49234693877551017 0.40022675736961455 0.09438775510204081 0.06575963718820863
0 0.09693877551020408 0.6870748299319728 0.17091836734693877 0.30385487528344673
0 0.14604591836734693 0.45918367346938777 0.08035714285714285 0.09297052154195011
0 0.047193877551020405 0.4501133786848073 0.08163265306122448 0.11111111111111112
0 0.44451530612244894 0.2868480725623583 0.07270408163265306 0.08843537414965986
0 0.5255102040816326 0.22222222222222224 0.1377551020408163 0.0816326530612245
0 0.6588010204081632 0.29365079365079366 0.24362244897959182 0.10657596371882086
0 0.6728316326530611 0.13718820861678005 0.20280612244897958 0.07482993197278912
