0 0.4690265486725664 0.7532808398950132 0.11504424778761062 0.07874015748031496
0 0.4542772861356932 0.8320209973753281 0.058997050147492625 0.05249343832020997
0 0.41519174041297935 0.9094488188976377 0.15191740412979352 0.10761154855643044
0 0.5435103244837758 0.952755905511811 0.06932153392330384 0.05249343832020997
0 0.6533923303834808 0.7637795275590551 0.0855457227138643 0.13648293963254593
0 0.6873156342182891 0.5931758530183727 0.11209439528023599 0.06299212598425197
0 0.5545722713864307 0.5984251968503937 0.06489675516224189 0.06299212598425197
0 0.1327433628318584 0.9658792650918635 0.09734513274336283 0.06299212598425197
0 0.2831858407079646 0.6981627296587927 0.3303834808259587 0.2572178477690289
0 0.616519174041298 0.43832020997375326 0.7138643067846607 0.2152230971128609
