0 0.39827856025039127 0.9277777777777778 0.2237871674491393 0.11666666666666667
0 0.18701095461658843 0.7722222222222223 0.3145539906103286 0.16111111111111112
0 0.41392801251956185 0.5833333333333334 0.20187793427230047 0.15
0 0.6956181533646323 0.8069444444444445 0.11111111111111112 0.125
0 0.8082942097026604 0.5166666666666667 0.09859154929577466 0.11111111111111112
0 0.14710485133020346 0.45555555555555555 0.16275430359937404 0.1277777777777778
0 0.15336463223787167 0.21944444444444444 0.10954616588419405 0.16666666666666669
0 0.42331768388106417 0.33194444444444443 0.11111111111111112 0.08055555555555556
0 0.4303599374021909 0.16805555555555557 0.10641627543035995 0.13055555555555556
0 0.6471048513302035 0.4166666666666667 0.054773082942097026 0.06666666666666667
0 0.8169014084507042 0.9527777777777778 0.14710485133020346 0.05555555555555556
