0 0.2553030303030303 0.8305555555555556 0.13484848484848486 0.09444444444444444
0 0.3712121212121212 0.8013888888888889 0.08181818181818182 0.14722222222222223
0 0.8712121212121212 0.45833333333333337 0.06363636363636363 0.08333333333333334
0 0.8734848484848485 0.6402777777777778 0.06818181818181818 0.11388888888888889
0 0.6863636363636364 0.4138888888888889 0.05454545454545454 0.05555555555555556
0 0.7560606060606061 0.25972222222222224 0.06060606060606061 0.05277777777777778
0 0.7924242424242425 0.39583333333333337 0.05454545454545454 0.04166666666666667
0 0.8689393939393939 0.33333333333333337 0.04393939393939394 0.061111111111111116
0 0.8962121212121212 0.2888888888888889 0.05 0.07222222222222223
0 0.7386363636363636 0.9555555555555556 0.10454545454545454 0.07777777777777778
0 0.9325757575757576 0.725 0.0803030303030303 0.07777777777777778
0 0.1606060606060606 0.6402777777777778 0.30303030303030304 0.25833333333333336
0 0.6416666666666667 0.5055555555555555 0.2833333333333333 0.2
0 0.5651515151515152 0.8222222222222223 0.3303030303030303 0.2888888888888889
