0 0.34393939393939393 0.6566666666666667 0.19090909090909092 0.22666666666666668
0 0.4772727272727273 0.5033333333333334 0.10909090909090909 0.12666666666666668
0 0.5871212121212122 0.4266666666666667 0.1409090909090909 0.1
0 0.6196969696969697 0.6166666666666667 0.17272727272727273 0.22666666666666668
0 0.7401515151515151 0.49833333333333335 0.09545454545454546 0.10333333333333335
0 0.5803030303030303 0.325 0.07878787878787878 0.07666666666666667
0 0.4666666666666667 0.3416666666666667 0.08181818181818182 0.09666666666666668
0 0.37196969696969695 0.36833333333333335 0.09242424242424242 0.15666666666666668
0 0.2916666666666667 0.4316666666666667 0.04696969696969697 0.11666666666666667
0 0.5492424242424242 0.9133333333333334 0.22575757575757577 0.16666666666666669
0 0.5098484848484849 0.20500000000000002 0.11060606060606061 0.08333333333333334
0 0.6318181818181818 0.21833333333333335 0.13333333333333333 0.05666666666666667
1 0.9015151515151515 0.6483333333333334 0.18181818181818182 0.67
