0 0.525390625 0.8566176470588235 0.283203125 0.27794117647058825
0 0.7294921875 0.5727941176470588 0.119140625 0.08676470588235294
0 0.904296875 0.6301470588235294 0.125 0.1161764705882353
0 0.51611328125 0.6345588235294117 0.1337890625 0.1161764705882353
0 0.55419921875 0.48676470588235293 0.1240234375 0.08235294117647059
0 0.673828125 0.4801470588235294 0.0546875 0.054411764705882354
0 0.728515625 0.4264705882352941 0.08984375 0.08235294117647059
0 0.78662109375 0.39338235294117646 0.1337890625 0.08088235294117647
0 0.6455078125 0.34705882352941175 0.134765625 0.05
0 0.6982421875 0.28308823529411764 0.056640625 0.030882352941176472
0 0.6025390625 0.3161764705882353 0.12890625 0.03529411764705882
0 0.56005859375 0.3926470588235294 0.1259765625 0.047058823529411764
0 0.38916015625 0.48823529411764705 0.0927734375 0.09705882352941177
0 0.421875 0.39705882352941174 0.0859375 0.1
0 0.5078125 0.3213235294117647 0.064453125 0.030882352941176472
0 0.953125 0.5007352941176471 0.087890625 0.09852941176470588
0 0.84912109375 0.475 0.0615234375 0.047058823529411764
1 0.13818359375 0.6213235294117647 0.2548828125 0.7455882352941177
1 0.3046875 0.43088235294117644 0.04296875 0.45294117647058824
1 0.55908203125 0.19191176470588234 0.4423828125 0.10441176470588236
