0 0.5223958333333333 0.5288461538461539 0.153125 0.08974358974358974
0 0.6692708333333334 0.6762820512820512 0.19895833333333332 0.16987179487179488
0 0.8265625 0.8421474358974359 0.096875 0.10096153846153846
0 0.6088541666666667 0.8733974358974359 0.23645833333333333 0.21794871794871795
0 0.3578125 0.5376602564102564 0.121875 0.07852564102564102
0 0.4317708333333333 0.44310897435897434 0.071875 0.056089743589743585
0 0.5203125 0.4495192307692307 0.059375 0.04006410256410256
0 0.7890625 0.4927884615384615 0.41354166666666664 0.22916666666666666
0 0.6135416666666667 0.36698717948717946 0.11875 0.05128205128205128
0 0.6473958333333333 0.3293269230769231 0.08229166666666667 0.04006410256410256
0 0.3125 0.4615384615384615 0.09791666666666667 0.04487179487179487
0 0.20208333333333334 0.42788461538461536 0.08541666666666667 0.038461538461538464
0 0.11354166666666667 0.46794871794871795 0.1375 0.07371794871794872
0 0.10781249999999999 0.547275641025641 0.184375 0.0689102564102564
0 0.30416666666666664 0.28125 0.07083333333333333 0.046474358974358976
0 0.40729166666666666 0.3173076923076923 0.05 0.041666666666666664
0 0.384375 0.35096153846153844 0.06041666666666667 0.035256410256410256
0 0.43645833333333334 0.38221153846153844 0.035416666666666666 0.027243589743589744
0 0.5239583333333333 0.33253205128205127 0.04791666666666666 0.04326923076923077
0 0.30625 0.3870192307692308 0.11666666666666667 0.0625
0 0.17708333333333334 0.36378205128205127 0.04791666666666666 0.03205128205128205
0 0.265625 0.32291666666666663 0.075 0.04006410256410256
0 0.45208333333333334 0.688301282051282 0.07916666666666666 0.07532051282051282
0 0.5317708333333333 0.6578525641025641 0.06354166666666666 0.046474358974358976
1 0.8786458333333333 0.3782051282051282 0.221875 0.2692307692307692
1 0.4692708333333333 0.20592948717948717 0.3177083333333333 0.08493589743589744
