0 0.4817708333333333 0.6015625 0.3572916666666667 0.21979166666666666
0 0.48125 0.8588541666666667 0.5791666666666666 0.21770833333333334
0 0.09791666666666667 0.6328125 0.1875 0.18854166666666666
0 0.6078125 0.36875 0.234375 0.11041666666666666
0 0.7703125 0.29791666666666666 0.134375 0.075
0 0.7526041666666666 0.22343749999999998 0.06979166666666667 0.040625
0 0.8557291666666667 0.2203125 0.06979166666666667 0.059375
0 0.13958333333333334 0.4171875 0.26875 0.17604166666666665
0 0.15677083333333333 0.2520833333333333 0.165625 0.05
0 0.2046875 0.325 0.096875 0.04375
0 0.36354166666666665 0.17447916666666666 0.13333333333333333 0.04479166666666667
0 0.4244791666666667 0.21562499999999998 0.11562499999999999 0.0375
0 0.5536458333333333 0.1765625 0.09479166666666666 0.059375
0 0.70625 0.18541666666666667 0.19791666666666666 0.075
0 0.34270833333333334 0.3125 0.17291666666666666 0.09583333333333333
0 0.9447916666666667 0.190625 0.1 0.041666666666666664
0 0.73125 0.07916666666666666 0.10416666666666667 0.035416666666666666
0 0.590625 0.12552083333333333 0.12083333333333333 0.059375
0 0.6802083333333333 0.12291666666666666 0.06875 0.041666666666666664
0 0.3223958333333333 0.11666666666666667 0.134375 0.035416666666666666
0 0.48593749999999997 0.09375 0.128125 0.04583333333333333
0 0.5942708333333333 0.049479166666666664 0.21354166666666666 0.05520833333333333
0 0.9234375 0.03125 0.11354166666666667 0.04375
0 0.1171875 0.15052083333333333 0.109375 0.040625
0 0.7453125 0.024479166666666666 0.06354166666666666 0.028125
0 0.36666666666666664 0.05625 0.08958333333333333 0.029166666666666667
1 0.17604166666666665 0.0484375 0.28541666666666665 0.084375
