0 0.39921875 0.5506944444444445 0.09843750000000001 0.0763888888888889
0 0.5640625 0.4354166666666667 0.040625 0.034722222222222224
0 0.137109375 0.7652777777777778 0.05859375 0.05555555555555556
0 0.2078125 0.7451388888888889 0.053125000000000006 0.04861111111111111
0 0.15234375 0.9256944444444445 0.17343750000000002 0.13472222222222222
0 0.693359375 0.39375 0.11796875000000001 0.04861111111111111
0 0.7347656250000001 0.33194444444444443 0.08671875000000001 0.044444444444444446
0 0.8445312500000001 0.26805555555555555 0.06875 0.05555555555555556
0 0.57578125 0.5986111111111111 0.375 0.375
0 0.8859375 0.5930555555555556 0.1265625 0.5888888888888889
