0 0.6181818181818182 0.8079545454545454 0.21212121212121213 0.20227272727272727
0 0.6848484848484848 0.6784090909090909 0.10303030303030303 0.08863636363636364
0 0.828030303030303 0.6647727272727273 0.09545454545454546 0.056818181818181816
0 0.9113636363636364 0.5920454545454545 0.09848484848484848 0.08409090909090909
0 0.9053030303030303 0.8181818181818181 0.18333333333333332 0.12727272727272726
0 0.43712121212121213 0.9045454545454545 0.12878787878787878 0.08636363636363636
0 0.4015151515151515 0.7931818181818181 0.07878787878787878 0.049999999999999996
0 0.30454545454545456 0.7204545454545455 0.05757575757575758 0.06818181818181818
0 0.35909090909090907 0.6329545454545454 0.0030303030303030303 0.011363636363636364
0 0.07272727272727272 0.8022727272727272 0.05454545454545454 0.09545454545454544
0 0.9409090909090909 0.9511363636363636 0.10909090909090909 0.09772727272727272
0 0.45606060606060606 0.6613636363636364 0.21212121212121213 0.07727272727272727
