0 0.5325000000000001 0.6188888888888889 0.15833333333333335 0.13555555555555557
0 0.6925 0.6 0.07833333333333334 0.07111111111111111
0 0.6658333333333334 0.5555555555555556 0.07166666666666667 0.05333333333333333
0 0.4166666666666667 0.62 0.043333333333333335 0.07111111111111111
0 0.16333333333333333 0.6633333333333333 0.05 0.04666666666666667
0 0.13 0.73 0.06333333333333334 0.06888888888888889
0 0.15666666666666668 0.5477777777777778 0.04666666666666667 0.051111111111111114
0 0.31833333333333336 0.39666666666666667 0.09666666666666668 0.051111111111111114
0 0.4758333333333334 0.38666666666666666 0.035 0.017777777777777778
0 0.4216666666666667 0.39111111111111113 0.03333333333333333 0.026666666666666665
0 0.62 0.44222222222222224 0.07333333333333333 0.04888888888888889
0 0.7416666666666667 0.7066666666666667 0.16666666666666669 0.14222222222222222
0 0.3775 0.8377777777777777 0.10500000000000001 0.09777777777777778
0 0.5275000000000001 0.9644444444444444 0.085 0.06222222222222222
0 0.7675000000000001 0.9366666666666666 0.10500000000000001 0.10888888888888888
0 0.28833333333333333 0.6322222222222222 0.14666666666666667 0.13555555555555557
0 0.24166666666666667 0.48777777777777775 0.4566666666666667 0.18444444444444444
1 0.45 0.3188888888888889 0.7033333333333334 0.12666666666666668
