1 0.44275000000000003 0.2567663817663818 0.7085 0.18447293447293447
0 0.6725 0.39173789173789175 0.053 0.019943019943019943
0 0.7035 0.4273504273504274 0.068 0.03276353276353276
0 0.781 0.45085470085470086 0.049 0.038461538461538464
0 0.73375 0.5096153846153847 0.1145 0.07478632478632478
0 0.42025 0.582977207977208 0.0635 0.07478632478632478
0 0.26575 0.6100427350427351 0.2115 0.099002849002849
0 0.28200000000000003 0.5103276353276354 0.049 0.026353276353276354
0 0.1795 0.5078347578347578 0.085 0.05555555555555556
0 0.077 0.4807692307692308 0.097 0.04700854700854701
0 0.234 0.4017094017094017 0.042 0.03133903133903134
0 0.3015 0.39672364672364674 0.043000000000000003 0.022792022792022793
0 0.25025000000000003 0.44373219373219375 0.07050000000000001 0.03276353276353276
0 0.36775 0.44907407407407407 0.1475 0.051994301994301995
1 0.55 0.5046296296296297 0.187 0.30840455840455844
1 0.0375 0.3710826210826211 0.073 0.14957264957264957
1 0.0685 0.5943732193732194 0.128 0.1331908831908832
1 0.731 0.6114672364672366 0.148 0.10042735042735043
