0 0.512847965738758 0.8868686868686869 0.5032119914346895 0.21414141414141413
0 0.30406852248394006 0.6656565656565656 0.2826552462526767 0.1919191919191919
0 0.4775160599571735 0.5131313131313131 0.20556745182012848 0.09292929292929293
0 0.6370449678800857 0.3707070707070707 0.0835117773019272 0.0707070707070707
0 0.2633832976445396 0.46565656565656566 0.18843683083511778 0.10303030303030303
0 0.2505353319057816 0.3686868686868687 0.28693790149892934 0.07474747474747474
0 0.3747323340471092 0.24545454545454545 0.11563169164882228 0.05858585858585859
0 0.5321199143468951 0.25353535353535356 0.12633832976445397 0.046464646464646465
0 0.7880085653104926 0.26161616161616164 0.16274089935760172 0.07878787878787878
1 0.854389721627409 0.6565656565656566 0.26552462526766596 0.6585858585858586
