0 0.2015151515151515 0.5202156334231807 0.19393939393939394 0.15094339622641512
0 0.278030303030303 0.679245283018868 0.07121212121212121 0.1078167115902965
0 0.3431818181818182 0.37196765498652296 0.19545454545454546 0.12398921832884098
0 0.1409090909090909 0.26280323450134774 0.10909090909090909 0.07277628032345014
0 0.13484848484848486 0.3423180592991914 0.06666666666666667 0.07008086253369272
0 0.2689393939393939 0.2978436657681941 0.0893939393939394 0.06738544474393532
0 0.4674242424242424 0.22641509433962265 0.14696969696969697 0.13477088948787064
0 0.8159090909090909 0.2695417789757413 0.2015151515151515 0.1293800539083558
0 0.4772727272727273 0.1091644204851752 0.23333333333333334 0.12129380053908356
0 0.6704545454545454 0.10242587601078168 0.0893939393939394 0.04851752021563342
0 0.675 0.1307277628032345 0.06515151515151515 0.04043126684636119
