0 0.4467766116941529 0.6888646288209607 0.3238380809595202 0.36026200873362446
0 0.8103448275862069 0.7041484716157205 0.3823088455772114 0.43886462882096067
0 0.6724137931034483 0.935589519650655 0.1874062968515742 0.11135371179039301
0 0.07646176911544228 0.8679039301310043 0.13193403298350825 0.23799126637554585
0 0.08995502248875561 0.5556768558951964 0.1649175412293853 0.21179039301310043
0 0.14692653673163417 0.38864628820960695 0.05697151424287856 0.06550218340611354
0 0.2518740629685157 0.34934497816593885 0.07196401799100449 0.06986899563318777
0 0.3695652173913043 0.3286026200873362 0.07646176911544228 0.08515283842794759
0 0.46851574212893554 0.4104803493449781 0.0944527736131934 0.06550218340611354
0 0.5787106446776612 0.39737991266375544 0.08395802098950525 0.07860262008733623
0 0.7653673163418291 0.33296943231441045 0.16941529235382308 0.09388646288209607
0 0.6649175412293853 0.25109170305676853 0.22638680659670163 0.10043668122270742
0 0.49025487256371814 0.32751091703056767 0.09295352323838081 0.043668122270742356
0 0.4872563718140929 0.2794759825327511 0.05397301349325337 0.034934497816593885
0 0.43778110944527737 0.2259825327510917 0.08395802098950525 0.05895196506550218
0 0.2571214392803598 0.5152838427947598 0.10344827586206896 0.08733624454148471
0 0.5337331334332833 0.18668122270742357 0.1169415292353823 0.06331877729257641
