0 0.4426020408163265 0.7959183673469388 0.33928571428571425 0.36281179138321995
0 0.8131377551020408 0.782312925170068 0.36352040816326525 0.42630385487528344
0 0.09693877551020408 0.6689342403628118 0.17346938775510204 0.24943310657596374
0 0.2576530612244898 0.5997732426303855 0.09438775510204081 0.12471655328798187
0 0.461734693877551 0.4943310657596372 0.09438775510204081 0.07709750566893424
0 0.5682397959183673 0.4943310657596372 0.07780612244897958 0.09977324263038549
0 0.7570153061224489 0.4319727891156463 0.13392857142857142 0.1655328798185941
0 0.9298469387755102 0.4557823129251701 0.12755102040816327 0.272108843537415
0 0.36734693877551017 0.3979591836734694 0.06887755102040816 0.10657596371882086
0 0.4942602040816326 0.3979591836734694 0.07015306122448979 0.06575963718820863
0 0.49170918367346933 0.3321995464852608 0.052295918367346934 0.04308390022675737
0 0.6619897959183673 0.29818594104308394 0.23214285714285712 0.12018140589569161
0 0.2576530612244898 0.427437641723356 0.07142857142857142 0.10204081632653061
0 0.14349489795918366 0.46938775510204084 0.08801020408163264 0.0816326530612245
0 0.04145408163265306 0.4421768707482993 0.07525510204081633 0.0816326530612245
0 0.5286989795918366 0.2199546485260771 0.1288265306122449 0.0816326530612245
0 0.4362244897959183 0.2857142857142857 0.08673469387755102 0.0816326530612245
0 0.6741071428571428 0.15873015873015872 0.17474489795918366 0.0816326530612245
0 0.8705357142857142 0.25056689342403626 0.16198979591836735 0.17913832199546487
