0 0.6408333333333334 0.7418181818181818 0.33166666666666667 0.5163636363636364
0 0.9075000000000001 0.3490909090909091 0.085 0.12363636363636364
0 0.9041666666666667 0.5018181818181818 0.07833333333333334 0.15272727272727274
0 0.6391666666666667 0.3509090909090909 0.095 0.16363636363636364
0 0.7241666666666667 0.29818181818181816 0.11833333333333335 0.13090909090909092
0 0.77 0.4527272727272727 0.060000000000000005 0.12727272727272726
0 0.3175 0.44 0.3383333333333334 0.4727272727272727
0 0.5875 0.14363636363636365 0.095 0.13454545454545455
0 0.32083333333333336 0.08727272727272728 0.06166666666666667 0.08727272727272728
0 0.4716666666666667 0.05818181818181818 0.10666666666666667 0.09454545454545454
