0 0.3484848484848485 0.65 0.20606060606060606 0.2066666666666667
0 0.48484848484848486 0.49500000000000005 0.10303030303030303 0.13
0 0.6128787878787879 0.615 0.1621212121212121 0.22333333333333336
0 0.7431818181818182 0.515 0.0893939393939394 0.11666666666666667
0 0.5803030303030303 0.43000000000000005 0.15454545454545454 0.09333333333333334
0 0.5363636363636364 0.9116666666666667 0.20303030303030303 0.16333333333333333
0 0.2909090909090909 0.43833333333333335 0.051515151515151514 0.10333333333333335
0 0.3712121212121212 0.3816666666666667 0.07575757575757576 0.08333333333333334
0 0.47424242424242424 0.3616666666666667 0.09090909090909091 0.08333333333333334
0 0.5795454545454546 0.32833333333333337 0.0803030303030303 0.07666666666666667
0 0.5204545454545455 0.2016666666666667 0.08333333333333333 0.07666666666666667
0 0.6272727272727273 0.23333333333333334 0.12727272727272726 0.060000000000000005
0 0.7196969696969697 0.305 0.048484848484848485 0.05666666666666667
0 0.44772727272727275 0.115 0.05303030303030303 0.03666666666666667
0 0.346969696969697 0.09666666666666668 0.03333333333333333 0.03333333333333333
0 0.7265151515151516 0.22666666666666668 0.05303030303030303 0.07333333333333333
