0 0.3544871794871795 0.6571753986332574 0.36025641025641025 0.34851936218678814
0 0.666025641025641 0.47722095671981773 0.23974358974358975 0.15717539863325738
0 0.8153846153846154 0.8029612756264236 0.3230769230769231 0.3211845102505695
0 0.9083333333333333 0.2380410022779043 0.17564102564102563 0.10706150341685648
0 0.5679487179487179 0.2084282460136674 0.2282051282051282 0.14350797266514806
0 0.7807692307692308 0.1366742596810934 0.2205128205128205 0.11389521640091116
0 0.7019230769230769 0.0398633257403189 0.1935897435897436 0.06150341685649202
0 0.21923076923076923 0.1947608200455581 0.24615384615384617 0.1480637813211845
0 0.43525641025641026 0.36218678815489747 0.20897435897435898 0.15489749430523916
0 0.23333333333333334 0.0592255125284738 0.19230769230769232 0.09567198177676538
