0 0.5285714285714286 0.8601694915254238 0.30793650793650795 0.2076271186440678
0 0.7849206349206349 0.6197033898305084 0.09682539682539683 0.057203389830508475
0 0.8674603174603175 0.7288135593220338 0.18253968253968253 0.11016949152542373
0 0.17063492063492064 0.7690677966101694 0.17936507936507937 0.1228813559322034
0 0.23492063492063492 0.6239406779661016 0.1746031746031746 0.09110169491525423
0 0.3119047619047619 0.5233050847457628 0.12857142857142856 0.059322033898305086
0 0.4595238095238095 0.5095338983050848 0.09682539682539683 0.057203389830508475
0 0.4515873015873016 0.3697033898305085 0.08412698412698413 0.036016949152542374
0 0.4984126984126984 0.3156779661016949 0.1619047619047619 0.0423728813559322
0 0.7738095238095238 0.4163135593220339 0.0873015873015873 0.04449152542372881
0 0.930952380952381 0.5338983050847458 0.12857142857142856 0.15254237288135594
0 0.9555555555555556 0.8813559322033898 0.08888888888888889 0.15254237288135594
0 0.13333333333333333 0.9385593220338982 0.23809523809523808 0.1016949152542373
0 0.4095238095238095 0.4364406779661017 0.2698412698412698 0.0635593220338983
