0 0.5115384615384615 0.2903846153846154 0.08461538461538462 0.09230769230769231
0 0.5878205128205128 0.21634615384615385 0.052564102564102565 0.04807692307692308
0 0.5788461538461539 0.42500000000000004 0.07051282051282051 0.09230769230769231
0 0.48525641025641025 0.5692307692307692 0.0858974358974359 0.07692307692307693
0 0.683974358974359 0.3548076923076923 0.09871794871794871 0.22115384615384617
0 0.7647435897435897 0.7384615384615385 0.15256410256410258 0.38846153846153847
0 0.4673076923076923 0.42307692307692313 0.03461538461538462 0.023076923076923078
0 0.4782051282051282 0.3788461538461539 0.04871794871794872 0.04230769230769231
0 0.5230769230769231 0.1653846153846154 0.04358974358974359 0.038461538461538464
1 0.566025641025641 0.07788461538461539 0.16794871794871793 0.11730769230769231
