0 0.5042826552462527 0.8797979797979798 0.42184154175588867 0.22828282828282828
0 0.29871520342612423 0.6555555555555556 0.3019271948608137 0.16363636363636364
0 0.45610278372591007 0.5050505050505051 0.1670235546038544 0.12121212121212122
0 0.27730192719486085 0.45151515151515154 0.139186295503212 0.09090909090909091
0 0.2558886509635974 0.37373737373737376 0.25910064239828695 0.10101010101010101
0 0.645610278372591 0.37777777777777777 0.07066381156316917 0.0808080808080808
0 0.7922912205567453 0.26262626262626265 0.14561027837259102 0.07676767676767676
0 0.5417558886509636 0.24848484848484848 0.1284796573875803 0.044444444444444446
0 0.3683083511777302 0.1797979797979798 0.08993576017130621 0.044444444444444446
0 0.3758029978586724 0.24545454545454545 0.14775160599571735 0.06262626262626263
0 0.6509635974304069 0.10303030303030303 0.08137044967880086 0.03636363636363636
0 0.7184154175588866 0.17474747474747473 0.10920770877944326 0.06262626262626263
0 0.5535331905781585 0.17575757575757575 0.062098501070663815 0.0808080808080808
1 0.8447537473233405 0.6555555555555556 0.29336188436830835 0.6646464646464646
