0 0.51875 0.8737864077669902 0.1375 0.2233009708737864
0 0.485 0.674757281553398 0.185 0.21359223300970873
0 0.58375 0.5048543689320388 0.0825 0.11650485436893203
0 0.59 0.3810679611650485 0.09 0.09223300970873785
0 0.72375 0.3859223300970873 0.0975 0.13106796116504854
0 0.35000000000000003 0.5412621359223301 0.12 0.1407766990291262
0 0.47000000000000003 0.4951456310679611 0.08 0.07766990291262135
0 0.37125 0.4490291262135922 0.0925 0.1116504854368932
0 0.2275 0.39563106796116504 0.115 0.1116504854368932
0 0.35375 0.3058252427184466 0.0925 0.1262135922330097
0 0.50625 0.20631067961165048 0.1275 0.13106796116504854
0 0.90375 0.1407766990291262 0.1825 0.14563106796116504
0 0.27125 0.22087378640776698 0.0675 0.07281553398058252
0 0.14250000000000002 0.2936893203883495 0.08 0.09223300970873785
