0 0.18972332015810278 0.06516587677725119 0.06324110671936758 0.05450236966824645
0 0.02964426877470356 0.2132701421800948 0.0461133069828722 0.09004739336492892
0 0.22397891963109356 0.37440758293838866 0.08432147562582346 0.06635071090047394
0 0.18115942028985507 0.48815165876777256 0.22529644268774704 0.13270142180094788
0 0.14756258234519104 0.6172985781990522 0.06324110671936758 0.05924170616113744
0 0.2984189723320158 0.6184834123222749 0.038208168642951255 0.06161137440758294
0 0.507905138339921 0.8969194312796209 0.18050065876152832 0.17772511848341233
0 0.2865612648221344 0.9170616113744077 0.23583662714097497 0.15165876777251186
0 0.38998682476943347 0.1137440758293839 0.057971014492753624 0.05213270142180095
0 0.36231884057971014 0.16350710900473936 0.034255599472990776 0.05213270142180095
0 0.33069828722002637 0.0533175355450237 0.034255599472990776 0.05924170616113744
0 0.43741765480895917 0.06990521327014218 0.039525691699604744 0.06398104265402844
0 0.691699604743083 0.03080568720379147 0.05533596837944664 0.04265402843601896
0 0.036231884057971016 0.8921800947867299 0.06982872200263505 0.1966824644549763
0 0.28260869565217395 0.13744075829383887 0.09090909090909091 0.0995260663507109
0 0.2028985507246377 0.23459715639810427 0.057971014492753624 0.06635071090047394
0 0.6976284584980238 0.1255924170616114 0.07246376811594203 0.07582938388625593
0 0.8122529644268776 0.13033175355450238 0.09090909090909091 0.09004739336492892
0 0.9486166007905139 0.09241706161137442 0.08959156785243742 0.1137440758293839
0 0.5744400527009222 0.283175355450237 0.06324110671936758 0.06872037914691943
0 0.6508563899868248 0.2251184834123223 0.06851119894598155 0.06161137440758294
0 0.17918313570487485 0.707345971563981 0.08959156785243742 0.0971563981042654
1 0.4980237154150198 0.49881516587677727 0.9960474308300395 0.9834123222748816
0 0.7997364953886693 0.5971563981042655 0.3847167325428195 0.23222748815165878
0 0.4723320158102767 0.6599526066350712 0.233201581027668 0.15402843601895735
