0 0.41455078125 0.7311197916666666 0.2158203125 0.15234375
0 0.58642578125 0.640625 0.1279296875 0.08333333333333333
0 0.55712890625 0.564453125 0.1259765625 0.05598958333333333
0 0.427734375 0.61328125 0.12109375 0.057291666666666664
0 0.142578125 0.5852864583333333 0.119140625 0.05598958333333333
0 0.08837890625 0.6588541666666666 0.1748046875 0.109375
0 0.17822265625 0.5390625 0.1103515625 0.046875
0 0.2490234375 0.4720052083333333 0.072265625 0.05078125
0 0.31494140625 0.4368489583333333 0.0810546875 0.04036458333333333
0 0.26806640625 0.40234375 0.1201171875 0.046875
0 0.61865234375 0.48046875 0.1611328125 0.049479166666666664
0 0.73193359375 0.5260416666666666 0.1005859375 0.057291666666666664
0 0.65966796875 0.849609375 0.1435546875 0.15494791666666666
0 0.4189453125 0.5071614583333333 0.103515625 0.05859375
0 0.521484375 0.431640625 0.083984375 0.06640625
0 0.509765625 0.38932291666666663 0.06640625 0.049479166666666664
0 0.552734375 0.3372395833333333 0.0546875 0.026041666666666664
0 0.8232421875 0.333984375 0.17578125 0.10807291666666666
0 0.92626953125 0.4934895833333333 0.1396484375 0.19270833333333331
0 0.3935546875 0.369140625 0.119140625 0.061197916666666664
