0 0.43867187500000004 0.44097222222222227 0.12890625 0.09027777777777778
0 0.55390625 0.43819444444444444 0.08281250000000001 0.08194444444444444
0 0.24531250000000002 0.41597222222222224 0.084375 0.06527777777777778
0 0.370703125 0.6375000000000001 0.20078125000000002 0.11388888888888889
0 0.62265625 0.6784722222222223 0.21406250000000002 0.14583333333333334
0 0.490234375 0.7430555555555556 0.06953125 0.061111111111111116
0 0.5613281250000001 0.8430555555555556 0.14296875 0.11388888888888889
0 0.7660156250000001 0.8430555555555556 0.15703125 0.11388888888888889
0 0.39101562500000003 0.8284722222222223 0.12578125 0.0763888888888889
0 0.26171875 0.7493055555555556 0.109375 0.09305555555555556
0 0.8203125 0.21736111111111112 0.09843750000000001 0.11527777777777778
0 0.6171875 0.27361111111111114 0.1296875 0.09722222222222222
0 0.46718750000000003 0.2881944444444445 0.1 0.09583333333333334
0 0.20703125 0.09930555555555556 0.1328125 0.11527777777777778
0 0.060937500000000006 0.11736111111111111 0.115625 0.1625
0 0.68359375 0.0638888888888889 0.13125 0.10833333333333334
0 0.91796875 0.05416666666666667 0.13593750000000002 0.05277777777777778
0 0.8695312500000001 0.10972222222222222 0.171875 0.09444444444444444
0 0.816015625 0.5548611111111111 0.09140625000000001 0.17083333333333334
0 0.1375 0.6888888888888889 0.0484375 0.08333333333333334
0 0.031640625 0.7270833333333334 0.06328125 0.2152777777777778
0 0.038671875 0.9402777777777778 0.06015625 0.09444444444444444
0 0.8890625000000001 0.7534722222222222 0.0671875 0.09027777777777778
