0 0.36429512516469037 0.8056872037914693 0.08563899868247694 0.14691943127962087
0 0.5902503293807642 0.6931279620853081 0.1080368906455863 0.13033175355450238
0 0.769433465085639 0.20497630331753555 0.047430830039525695 0.05450236966824645
0 0.2160737812911726 0.3530805687203792 0.04479578392621871 0.06161137440758294
0 0.1673254281949934 0.38625592417061616 0.05270092226613966 0.06635071090047394
0 0.12450592885375494 0.2511848341232228 0.056653491436100135 0.08530805687203792
0 0.056653491436100135 0.868483412322275 0.10013175230566536 0.19194312796208532
0 0.14624505928853757 0.7488151658767773 0.06851119894598155 0.07109004739336494
0 0.23978919631093545 0.6907582938388626 0.07905138339920949 0.10189573459715641
0 0.4071146245059289 0.7085308056872038 0.09486166007905139 0.0995260663507109
0 0.4525691699604743 0.6007109004739337 0.06982872200263505 0.10189573459715641
0 0.5546772068511199 0.528436018957346 0.06324110671936758 0.06161137440758294
0 0.6824769433465085 0.5319905213270143 0.05533596837944664 0.05924170616113744
0 0.7582345191040843 0.5770142180094787 0.08300395256916997 0.09241706161137442
0 0.8306982872200264 0.5533175355450237 0.048748353096179184 0.07819905213270142
0 0.8866930171277998 0.5225118483412323 0.047430830039525695 0.06398104265402844
0 0.8827404479578393 0.33886255924170616 0.039525691699604744 0.047393364928909956
0 0.8959156785243743 0.3981042654028436 0.047430830039525695 0.04265402843601896
0 0.7806324110671937 0.3601895734597157 0.08827404479578393 0.06635071090047394
0 0.8425559947299078 0.4680094786729858 0.0461133069828722 0.04502369668246446
0 0.9011857707509882 0.47156398104265407 0.034255599472990776 0.047393364928909956
0 0.2885375494071146 0.41824644549763035 0.06587615283267458 0.04976303317535545
0 0.32872200263504614 0.4822274881516588 0.0461133069828722 0.04502369668246446
0 0.3702239789196311 0.4407582938388626 0.06851119894598155 0.07109004739336494
0 0.1442687747035573 0.5971563981042655 0.077733860342556 0.08530805687203792
0 0.9512516469038208 0.5545023696682465 0.05270092226613966 0.047393364928909956
0 0.8465085638998683 0.20734597156398105 0.07509881422924901 0.07819905213270142
