0 0.5752551020408163 0.764172335600907 0.09693877551020408 0.163265306122449
0 0.6345663265306122 0.5374149659863946 0.11862244897959183 0.13151927437641725
0 0.32780612244897955 0.7834467120181406 0.1683673469387755 0.2471655328798186
0 0.39795918367346933 0.9591836734693878 0.08163265306122448 0.07256235827664399
0 0.5369897959183673 0.9297052154195011 0.09948979591836733 0.1360544217687075
0 0.6619897959183673 0.9376417233560091 0.11224489795918366 0.11111111111111112
0 0.8405612244897959 0.4829931972789116 0.298469387755102 0.3764172335600907
0 0.32780612244897955 0.5385487528344671 0.09948979591836733 0.09750566893424037
0 0.44005102040816324 0.4444444444444445 0.09183673469387754 0.0816326530612245
0 0.4649234693877551 0.5816326530612245 0.04464285714285714 0.061224489795918366
0 0.5790816326530612 0.44784580498866217 0.14795918367346939 0.08843537414965986
1 0.7200255102040816 0.20408163265306123 0.23341836734693874 0.25396825396825395
