0 0.56 0.8267790262172284 0.265 0.2153558052434457
0 0.110625 0.7631086142322098 0.10875 0.11797752808988764
0 0.184375 0.6816479400749064 0.06125 0.056179775280898875
0 0.286875 0.6020599250936329 0.04625 0.03932584269662921
0 0.5575 0.5168539325842697 0.185 0.14232209737827717
0 0.646875 0.40074906367041196 0.14375000000000002 0.0599250936329588
0 0.659375 0.33239700374531833 0.10125 0.04307116104868914
0 0.468125 0.3398876404494382 0.06375 0.04307116104868914
0 0.39437500000000003 0.42602996254681647 0.09875 0.05056179775280899
0 0.306875 0.38670411985018727 0.04875 0.04307116104868914
0 0.35375 0.3445692883895131 0.075 0.03745318352059925
0 0.60875 0.2397003745318352 0.0725 0.0299625468164794
0 0.548125 0.2762172284644195 0.07875 0.028089887640449437
0 0.53625 0.3698501872659176 0.1225 0.03558052434456929
0 0.558125 0.3249063670411985 0.04625 0.02059925093632959
0 0.455625 0.2556179775280899 0.07375 0.04307116104868914
1 0.51125 0.5795880149812734 0.9500000000000001 0.8258426966292135
