0 0.48697916666666663 0.8072916666666666 0.29340277777777773 0.1796875
0 0.2977430555555555 0.7278645833333333 0.15104166666666666 0.057291666666666664
0 0.3107638888888889 0.6158854166666666 0.10069444444444443 0.0703125
0 0.6397569444444444 0.6803385416666666 0.07465277777777778 0.10026041666666666
0 0.3550347222222222 0.462890625 0.109375 0.04036458333333333
0 0.3472222222222222 0.416015625 0.07638888888888888 0.04036458333333333
0 0.8680555555555555 0.66796875 0.0625 0.09375
0 0.689236111111111 0.5826822916666666 0.07291666666666666 0.04817708333333333
0 0.9539930555555555 0.5345052083333333 0.078125 0.07421875
0 0.5373263888888888 0.43359375 0.07118055555555555 0.0546875
0 0.07291666666666666 0.240234375 0.0625 0.03255208333333333
0 0.7994791666666666 0.38541666666666663 0.08159722222222222 0.03645833333333333
0 0.8671875 0.46549479166666663 0.08506944444444443 0.04296875
