0 0.5296875 0.8 0.19687500000000002 0.3805555555555556
0 0.73203125 0.65625 0.240625 0.2652777777777778
0 0.9460937500000001 0.8131944444444444 0.07968750000000001 0.14305555555555557
0 0.6394531250000001 0.4729166666666667 0.08671875000000001 0.07916666666666666
0 0.571484375 0.49930555555555556 0.05859375 0.0763888888888889
0 0.49648437500000003 0.30694444444444446 0.11328125 0.075
0 0.63671875 0.3458333333333333 0.140625 0.10555555555555556
0 0.813671875 0.41458333333333336 0.12890625 0.10416666666666667
0 0.19257812500000002 0.6368055555555556 0.34921875 0.4652777777777778
0 0.7152343750000001 0.22847222222222224 0.11953125 0.06805555555555556
0 0.49257812500000003 0.44236111111111115 0.27109375 0.22083333333333335
0 0.275 0.36944444444444446 0.0625 0.044444444444444446
