0 0.21638330757341576 0.5275482093663912 0.0865533230293663 0.23415977961432508
0 0.32921174652241114 0.5798898071625345 0.06491499227202473 0.10192837465564739
0 0.3377125193199382 0.6955922865013774 0.06646058732612055 0.10743801652892562
0 0.4381761978361669 0.6184573002754821 0.05100463678516229 0.0743801652892562
0 0.13601236476043277 0.6418732782369146 0.09582689335394126 0.17079889807162535
0 0.0687789799072643 0.7947658402203857 0.08500772797527048 0.12947658402203857
0 0.08732612055641421 0.4476584022038568 0.0973724884080371 0.1790633608815427
0 0.05100463678516229 0.6308539944903582 0.04945904173106646 0.07162534435261708
0 0.37171561051004637 0.4283746556473829 0.10046367851622874 0.1790633608815427
0 0.4860896445131376 0.384297520661157 0.125193199381762 0.19008264462809918
0 0.5108191653786708 0.556473829201102 0.07882534775888717 0.1322314049586777
0 0.5911901081916537 0.4641873278236915 0.06027820710973725 0.09641873278236915
0 0.6831530139103554 0.4297520661157025 0.1545595054095827 0.21487603305785125
0 0.8894899536321483 0.3608815426997245 0.13137557959814528 0.19834710743801653
0 0.8013910355486862 0.509641873278237 0.04173106646058732 0.0881542699724518
0 0.7836166924265843 0.6887052341597797 0.14837712519319937 0.1928374655647383
0 0.4961360123647604 0.8126721763085399 0.2782071097372488 0.2699724517906336
