0 0.6234848484848485 0.8147727272727272 0.2015151515151515 0.20681818181818182
0 0.8287878787878787 0.6693181818181818 0.1 0.0659090909090909
0 0.9204545454545454 0.5920454545454545 0.10454545454545454 0.07954545454545454
0 0.9015151515151515 0.8147727272727272 0.17575757575757575 0.12954545454545455
0 0.43333333333333335 0.9011363636363636 0.1393939393939394 0.10227272727272727
0 0.396969696969697 0.7909090909090909 0.07575757575757576 0.07272727272727272
0 0.30833333333333335 0.7193181818181817 0.06212121212121212 0.07045454545454545
0 0.4492424242424242 0.6545454545454545 0.19545454545454546 0.07272727272727272
0 0.0696969696969697 0.7943181818181818 0.05454545454545454 0.075
0 0.6818181818181818 0.6749999999999999 0.12121212121212122 0.09545454545454544
