0 0.1975 0.76625 0.2 0.1925
0 0.5645833333333333 0.68625 0.15916666666666668 0.095
0 0.5766666666666667 0.795625 0.15833333333333335 0.09375
0 0.7095833333333333 0.90625 0.1925 0.1
0 0.9079166666666667 0.760625 0.12416666666666668 0.06625
0 0.8087500000000001 0.685625 0.08916666666666667 0.043750000000000004
0 0.9520833333333334 0.6900000000000001 0.0775 0.055
0 0.04833333333333334 0.654375 0.08 0.05375
0 0.52375 0.613125 0.1875 0.07125000000000001
0 0.7258333333333333 0.6225 0.19666666666666668 0.0975
