0 0.25681818181818183 0.8319444444444445 0.13787878787878788 0.11388888888888889
0 0.375 0.8027777777777778 0.07121212121212121 0.12222222222222223
0 0.6825757575757576 0.4083333333333333 0.03787878787878788 0.05
0 0.7931818181818182 0.39722222222222225 0.05606060606060606 0.06666666666666667
0 0.7560606060606061 0.2555555555555556 0.048484848484848485 0.05
0 0.8795454545454545 0.46944444444444444 0.08333333333333333 0.08333333333333334
0 0.8651515151515151 0.3388888888888889 0.048484848484848485 0.06666666666666667
0 0.8939393939393939 0.29305555555555557 0.04242424242424243 0.05277777777777778
0 0.07196969696969698 0.6722222222222223 0.03787878787878788 0.061111111111111116
0 0.7053030303030303 0.7847222222222222 0.5621212121212121 0.39166666666666666
0 0.8803030303030303 0.6458333333333334 0.06363636363636363 0.06944444444444445
