0 0.6664726426076834 0.8397163120567377 0.3341094295692666 0.2893617021276596
0 0.07683352735739231 0.773758865248227 0.11641443538998836 0.16312056737588654
0 0.30558789289871946 0.5851063829787234 0.04540162980209546 0.04397163120567376
0 0.6507566938300349 0.5156028368794326 0.24447031431897553 0.1574468085106383
0 0.7759022118742724 0.39078014184397164 0.20139697322467986 0.06950354609929078
0 0.7904540162980209 0.31843971631205675 0.1629802095459837 0.04113475177304965
0 0.619906868451688 0.3553191489361702 0.15017462165308498 0.052482269503546106
0 0.4371362048894063 0.4212765957446809 0.15715948777648428 0.04822695035460993
0 0.33061699650756693 0.373758865248227 0.06286379511059371 0.03829787234042553
0 0.4435389988358556 0.3695035460992908 0.10942956926658906 0.04113475177304965
0 0.5419091967403958 0.3170212765957447 0.07566938300349244 0.04680851063829788
0 0.38882421420256114 0.32836879432624116 0.10710128055878929 0.052482269503546106
0 0.45343422584400467 0.2723404255319149 0.05937136204889406 0.04539007092198582
0 0.6455180442374855 0.25319148936170216 0.10826542491268917 0.02695035460992908
0 0.6408614668218859 0.30921985815602837 0.07334109429569266 0.03971631205673759
0 0.7124563445867287 0.2170212765957447 0.08381839348079162 0.025531914893617023
0 0.5168800931315483 0.23900709219858157 0.08149010477299184 0.03546099290780142
0 0.610593713620489 0.20283687943262413 0.06635622817229336 0.025531914893617023
0 0.7956926658905704 0.2170212765957447 0.06635622817229336 0.03120567375886525
