0 0.75575 0.3614672364672365 0.0745 0.03632478632478633
0 0.704 0.4230769230769231 0.068 0.041310541310541314
0 0.78525 0.4537037037037037 0.0455 0.038461538461538464
0 0.7545000000000001 0.5124643874643875 0.079 0.0405982905982906
0 0.69675 0.49109686609686615 0.0555 0.04344729344729345
0 0.6685 0.39351851851851855 0.06 0.0349002849002849
0 0.6605 0.3646723646723647 0.031 0.019943019943019943
0 0.5740000000000001 0.3579059829059829 0.046 0.04487179487179487
0 0.2665 0.6093304843304843 0.20500000000000002 0.09615384615384616
0 0.4205 0.5787037037037037 0.081 0.07478632478632478
0 0.28600000000000003 0.5121082621082621 0.05 0.038461538461538464
0 0.18275 0.5089031339031339 0.0855 0.057692307692307696
0 0.08125 0.48041310541310545 0.0995 0.057692307692307696
0 0.23525000000000001 0.4049145299145299 0.0445 0.0349002849002849
0 0.248 0.4451566951566952 0.07200000000000001 0.03133903133903134
0 0.37175 0.4458689458689459 0.1625 0.06267806267806268
0 0.352 0.3436609686609687 0.047 0.02492877492877493
0 0.30125 0.39672364672364674 0.0495 0.029914529914529916
0 0.37225 0.26317663817663817 0.0565 0.020655270655270657
0 0.3995 0.28240740740740744 0.033 0.00925925925925926
0 0.3835 0.30163817663817666 0.036000000000000004 0.017806267806267807
0 0.52325 0.27706552706552706 0.043500000000000004 0.017094017094017096
0 0.5345 0.224002849002849 0.04 0.013532763532763533
0 0.1855 0.2752849002849003 0.065 0.014957264957264958
0 0.30775 0.2606837606837607 0.035500000000000004 0.01851851851851852
0 0.2645 0.27884615384615385 0.052000000000000005 0.01638176638176638
0 0.21175 0.30484330484330485 0.0935 0.022792022792022793
0 0.17325000000000002 0.35933048433048437 0.0525 0.022079772079772082
