0 0.6337285902503295 0.8329383886255924 0.13438735177865613 0.24407582938388628
0 0.7885375494071146 0.8708530805687205 0.08036890645586298 0.10189573459715641
0 0.7246376811594203 0.6054502369668247 0.10540184453227933 0.16350710900473936
0 0.8175230566534915 0.7026066350710901 0.038208168642951255 0.11611374407582939
0 0.8346508563899868 0.35545023696682465 0.13570487483530963 0.4360189573459716
0 0.7503293807641634 0.39099526066350715 0.05928853754940712 0.13270142180094788
0 0.46113306982872204 0.48815165876777256 0.1080368906455863 0.26066350710900477
0 0.4756258234519104 0.8364928909952607 0.14756258234519104 0.3127962085308057
0 0.3465085638998683 0.7594786729857821 0.0922266139657444 0.17772511848341233
0 0.20553359683794467 0.9052132701421801 0.057971014492753624 0.0995260663507109
0 0.09486166007905139 0.8045023696682465 0.06324110671936758 0.08767772511848342
0 0.09090909090909091 0.11611374407582939 0.028985507246376812 0.047393364928909956
0 0.07971014492753624 0.3601895734597157 0.043478260869565216 0.05687203791469195
0 0.9598155467720686 0.14218009478672988 0.08036890645586298 0.2559241706161138
0 0.8247694334650857 0.9656398104265403 0.07641633728590251 0.05450236966824645
