0 0.48262411347517736 0.9192307692307693 0.21063829787234045 0.12692307692307692
0 0.7446808510638299 0.7548076923076924 0.07375886524822696 0.08653846153846154
0 0.2652482269503546 0.8461538461538463 0.14751773049645392 0.10384615384615385
0 0.3815602836879433 0.5923076923076923 0.08368794326241136 0.04230769230769231
0 0.5372340425531915 0.7057692307692308 0.11418439716312058 0.09615384615384616
0 0.2549645390070922 0.5076923076923077 0.09574468085106384 0.08461538461538462
0 0.09574468085106384 0.6567307692307692 0.12340425531914895 0.09807692307692309
0 0.11489361702127661 0.5538461538461539 0.09787234042553192 0.06923076923076923
0 0.08014184397163121 0.9259615384615385 0.0624113475177305 0.06730769230769232
0 0.4897163120567376 0.4903846153846154 0.07730496453900709 0.05384615384615385
0 0.5914893617021277 0.539423076923077 0.06382978723404256 0.03653846153846154
0 0.7617021276595746 0.8855769230769232 0.16028368794326242 0.1326923076923077
0 0.848936170212766 0.6576923076923077 0.04113475177304965 0.03461538461538462
0 0.6581560283687944 0.4307692307692308 0.056737588652482275 0.04230769230769231
0 0.3468085106382979 0.7173076923076923 0.0723404255319149 0.03076923076923077
0 0.625177304964539 0.5807692307692308 0.04468085106382979 0.038461538461538464
