0 0.2821180555555555 0.7220052083333333 0.109375 0.053385416666666664
0 0.44965277777777773 0.8040364583333333 0.24652777777777776 0.14713541666666666
0 0.650173611111111 0.7005208333333333 0.08159722222222222 0.07291666666666666
0 0.3237847222222222 0.6243489583333333 0.07465277777777778 0.04817708333333333
0 0.3489583333333333 0.462890625 0.08680555555555555 0.04296875
0 0.3368055555555555 0.419921875 0.06597222222222222 0.03255208333333333
0 0.5269097222222222 0.42057291666666663 0.043402777777777776 0.026041666666666664
0 0.6796875 0.576171875 0.057291666666666664 0.04036458333333333
0 0.7317708333333333 0.62109375 0.06076388888888889 0.0390625
0 0.8723958333333333 0.66796875 0.0954861111111111 0.08072916666666666
0 0.6119791666666666 0.9075520833333333 0.08159722222222222 0.046875
0 0.9479166666666666 0.5123697916666666 0.09027777777777778 0.04036458333333333
0 0.907986111111111 0.43424479166666663 0.04513888888888889 0.022135416666666664
0 0.8654513888888888 0.462890625 0.046875 0.029947916666666664
0 0.7838541666666666 0.37565104166666663 0.05381944444444444 0.02734375
0 0.06684027777777778 0.23828125 0.0642361111111111 0.018229166666666664
0 0.12152777777777778 0.21223958333333331 0.05555555555555555 0.020833333333333332
0 0.6388888888888888 0.32096354166666663 0.03819444444444444 0.016927083333333332
0 0.8029513888888888 0.4212239583333333 0.07465277777777778 0.04296875
