0 0.4452773613193403 0.6910480349344977 0.3298350824587706 0.37336244541484714
0 0.815592203898051 0.6844978165938864 0.3568215892053973 0.4432314410480349
0 0.7586206896551724 0.34388646288209607 0.1619190404797601 0.14192139737991266
0 0.09295352323838081 0.5633187772925764 0.17691154422788605 0.22270742358078602
0 0.6679160419790104 0.24344978165938863 0.22938530734632684 0.10262008733624453
0 0.5712143928035982 0.4115720524017467 0.10194902548725637 0.07205240174672489
0 0.46026986506746626 0.40502183406113534 0.08395802098950525 0.08078602620087336
0 0.36431784107946025 0.32751091703056767 0.08095952023988005 0.09170305676855894
0 0.5314842578710645 0.18668122270742357 0.14842578710644677 0.05458515283842794
0 0.25487256371814093 0.3482532751091703 0.06896551724137931 0.06768558951965065
0 0.15142428785607195 0.38209606986899564 0.09295352323838081 0.043668122270742356
0 0.4962518740629685 0.3056768558951965 0.07196401799100449 0.10043668122270742
0 0.6904047976011993 0.11244541484716157 0.19040479760119938 0.08078602620087336
