0 0.4822916666666667 0.615625 0.3520833333333333 0.24583333333333332
0 0.48385416666666664 0.8598958333333333 0.5822916666666667 0.21145833333333333
0 0.09322916666666667 0.6270833333333333 0.18645833333333334 0.15
0 0.159375 0.2505208333333333 0.16458333333333333 0.059375
0 0.6171875 0.37135416666666665 0.203125 0.096875
0 0.3651041666666667 0.175 0.140625 0.041666666666666664
0 0.6484375 0.18333333333333332 0.28854166666666664 0.05416666666666667
0 0.7348958333333333 0.08177083333333333 0.09479166666666666 0.042708333333333334
0 0.9135416666666667 0.14270833333333333 0.11875 0.04583333333333333
0 0.7744791666666666 0.29010416666666666 0.18020833333333333 0.059375
0 0.1390625 0.4265625 0.2739583333333333 0.196875
0 0.11562499999999999 0.15625 0.1125 0.05
0 0.5375 0.20989583333333334 0.5625 0.03229166666666666
0 0.490625 0.09583333333333333 0.10833333333333334 0.03333333333333333
0 0.32447916666666665 0.12135416666666667 0.14270833333333333 0.030208333333333334
