0 0.4150390625 0.7415364583333333 0.2109375 0.16015625
0 0.58251953125 0.6438802083333333 0.1396484375 0.08463541666666666
0 0.6552734375 0.8600260416666666 0.146484375 0.14973958333333331
0 0.7314453125 0.5240885416666666 0.103515625 0.045572916666666664
0 0.61572265625 0.47916666666666663 0.1650390625 0.0625
0 0.52099609375 0.43619791666666663 0.0693359375 0.028645833333333332
0 0.42236328125 0.51171875 0.1005859375 0.05989583333333333
0 0.42724609375 0.611328125 0.1201171875 0.07161458333333333
0 0.08984375 0.6764322916666666 0.16796875 0.12109375
0 0.1630859375 0.5618489583333333 0.162109375 0.10286458333333333
0 0.26904296875 0.40234375 0.1201171875 0.049479166666666664
0 0.24609375 0.474609375 0.0859375 0.037760416666666664
0 0.54833984375 0.5690104166666666 0.1181640625 0.04427083333333333
0 0.82958984375 0.33268229166666663 0.2001953125 0.11588541666666666
