0 0.378125 0.6565377532228361 0.16041666666666665 0.14917127071823205
0 0.5302083333333333 0.5285451197053407 0.15208333333333332 0.18047882136279927
0 0.6744791666666666 0.501841620626151 0.12395833333333334 0.1270718232044199
0 0.340625 0.4622467771639043 0.17291666666666666 0.19152854511970535
0 0.859375 0.35267034990791896 0.2625 0.15285451197053407
0 0.3546875 0.04880294659300184 0.11770833333333333 0.0718232044198895
0 0.32395833333333335 0.8646408839779006 0.09791666666666667 0.11970534069981584
0 0.7994791666666666 0.5644567219152855 0.084375 0.0865561694290976
0 0.9088541666666666 0.7329650092081031 0.16979166666666667 0.19521178637200737
0 0.1015625 0.44751381215469616 0.18854166666666666 0.3130755064456722
0 0.2296875 0.20810313075506445 0.13229166666666667 0.13259668508287292
