0 0.36217948717948717 0.6799544419134396 0.31666666666666665 0.316628701594533
0 0.823076923076923 0.8154897494305239 0.31794871794871793 0.3052391799544419
0 0.6602564102564102 0.48861047835990884 0.20256410256410257 0.14350797266514806
0 0.9064102564102564 0.24373576309794986 0.18205128205128204 0.14578587699316628
0 0.5602564102564103 0.1947608200455581 0.23076923076923078 0.17995444191343962
0 0.7506410256410256 0.13211845102505695 0.12179487179487179 0.14578587699316628
0 0.44551282051282054 0.36104783599088835 0.17564102564102563 0.13895216400911162
0 0.22884615384615384 0.19817767653758542 0.23205128205128206 0.1594533029612756
0 0.2326923076923077 0.05808656036446469 0.18846153846153846 0.0888382687927107
0 0.6865384615384615 0.02847380410022779 0.18333333333333332 0.04783599088838269
