1 0.500772797527048 0.6584022038567493 0.9922720247295208 0.6776859504132231
1 0.8941267387944358 0.16115702479338845 0.20865533230293662 0.3223140495867769
1 0.29134466769706335 0.05785123966942149 0.5734157650695517 0.09366391184573003
1 0.1901081916537867 0.21212121212121213 0.2472952086553323 0.21487603305785125
0 0.08887171561051005 0.45867768595041325 0.09428129829984544 0.14049586776859505
0 0.2132921174652241 0.5289256198347108 0.10200927357032458 0.1763085399449036
0 0.3176197836166924 0.5909090909090909 0.06027820710973725 0.07988980716253444
0 0.33462132921174653 0.6942148760330579 0.07264296754250386 0.1046831955922865
0 0.4265842349304482 0.6129476584022039 0.05255023183925811 0.05785123966942149
0 0.4953632148377125 0.5633608815426997 0.0571870170015456 0.1349862258953168
0 0.5865533230293662 0.46556473829201106 0.03863987635239567 0.07713498622589532
0 0.6020092735703245 0.5440771349862259 0.03554868624420402 0.05785123966942149
0 0.6622874806800618 0.5798898071625345 0.0571870170015456 0.10192837465564739
0 0.69629057187017 0.4297520661157025 0.16537867078825347 0.18181818181818182
0 0.8052550231839258 0.5123966942148761 0.027820710973724884 0.06060606060606061
0 0.8338485316846986 0.6143250688705234 0.07264296754250386 0.05509641873278237
0 0.7449768160741885 0.5578512396694215 0.03400309119010819 0.04132231404958678
0 0.13446676970633695 0.6556473829201102 0.07418856259659969 0.13774104683195593
0 0.07573415765069552 0.7892561983471075 0.08964451313755796 0.10192837465564739
0 0.05564142194744977 0.6322314049586777 0.027820710973724884 0.06887052341597796
0 0.36785162287480677 0.44214876033057854 0.10200927357032458 0.1790633608815427
0 0.48840803709428127 0.4049586776859504 0.1143740340030912 0.1487603305785124
0 0.5950540958268934 0.3085399449035813 0.03400309119010819 0.0881542699724518
0 0.9072642967542504 0.7920110192837466 0.05255023183925811 0.04132231404958678
0 0.963678516228748 0.8650137741046833 0.03863987635239567 0.09366391184573003
0 0.7982998454404946 0.8484848484848485 0.026275115919629055 0.06611570247933884
0 0.8330757341576507 0.8140495867768596 0.03400309119010819 0.11294765840220386
0 0.9775888717156105 0.4090909090909091 0.04482225656877898 0.1184573002754821
0 0.8802163833075733 0.1928374655647383 0.04482225656877898 0.12121212121212122
0 0.8044822256568779 0.28236914600550966 0.03863987635239567 0.06336088154269973
0 0.3083462132921175 0.8305785123966942 0.04791344667697063 0.11294765840220386
0 0.7511591962905718 0.6887052341597797 0.06800618238021638 0.1487603305785124
