0 0.3775 0.5355555555555556 0.225 0.1288888888888889
0 0.33875 0.6555555555555556 0.1125 0.07555555555555556
0 0.46125 0.7866666666666666 0.0925 0.08
0 0.7075 0.42444444444444446 0.165 0.12
0 0.051250000000000004 0.66 0.0975 0.1288888888888889
0 0.41375 0.29777777777777775 0.0775 0.05333333333333333
0 0.6975 0.32222222222222224 0.19 0.12
0 0.2775 0.42444444444444446 0.06 0.06666666666666667
0 0.16875 0.4911111111111111 0.0725 0.06666666666666667
0 0.04125 0.5333333333333333 0.0725 0.06222222222222222
0 0.04125 0.45111111111111113 0.0675 0.04888888888888889
0 0.20750000000000002 0.29333333333333333 0.17500000000000002 0.08888888888888889
0 0.06625 0.38 0.1225 0.14666666666666667
0 0.85875 0.8377777777777777 0.1675 0.13777777777777778
1 0.3875 0.6044444444444445 0.77 0.7733333333333333
1 0.88625 0.8333333333333334 0.2275 0.31555555555555553
