1 0.17861519607843138 0.31508714596949894 0.3449754901960784 0.09858387799564271
1 0.1951593137254902 0.3970588235294118 0.0545343137254902 0.03921568627450981
1 0.3034620098039216 0.4697712418300654 0.2539828431372549 0.07788671023965142
1 0.4325980392156863 0.2780501089324619 0.12622549019607843 0.08224400871459696
1 0.4223345588235294 0.212962962962963 0.05912990196078431 0.019607843137254905
1 0.3319546568627451 0.2309368191721133 0.03829656862745098 0.014161220043572986
1 0.30637254901960786 0.18763616557734206 0.08394607843137254 0.019063180827886713
1 0.20588235294117646 0.16394335511982572 0.15625 0.038126361655773426
1 0.07245710784313725 0.22331154684095864 0.060355392156862746 0.01525054466230937
1 0.011948529411764705 0.22766884531590417 0.02144607843137255 0.026143790849673207
