0 0.71142578125 0.6768202080237741 0.1142578125 0.1025260029717682
0 0.724609375 0.849925705794948 0.07421875 0.1277860326894502
0 0.71728515625 0.9695393759286776 0.0771484375 0.052005943536404156
0 0.5703125 0.8781575037147102 0.126953125 0.08915304606240712
0 0.603515625 0.7451708766716196 0.138671875 0.10549777117384844
0 0.5791015625 0.6441307578008915 0.11328125 0.06686478454680535
0 0.5439453125 0.5475482912332837 0.0859375 0.10846953937592867
0 0.87890625 0.6597325408618128 0.125 0.19316493313521543
0 0.3466796875 0.6367013372956909 0.0546875 0.06092124814264487
0 0.3642578125 0.5089153046062407 0.0390625 0.03714710252600297
0 0.3818359375 0.9049034175334324 0.115234375 0.17830609212481424
0 0.65966796875 0.575780089153046 0.0478515625 0.0638930163447251
0 0.71337890625 0.4725111441307578 0.2802734375 0.13075780089153044
0 0.6728515625 0.31575037147102525 0.115234375 0.04606240713224368
1 0.50146484375 0.7161961367013373 0.9931640625 0.5616641901931649
1 0.423828125 0.362555720653789 0.716796875 0.14561664190193163
1 0.42626953125 0.2659732540861813 0.3564453125 0.0475482912332838
