0 0.7242424242424242 0.7693181818181818 0.17575757575757575 0.175
0 0.925 0.7170454545454545 0.14393939393939395 0.1477272727272727
0 0.9265151515151515 0.8909090909090909 0.13484848484848486 0.14545454545454545
0 0.7833333333333333 0.9329545454545454 0.10606060606060606 0.125
0 0.9340909090909091 0.571590909090909 0.1318181818181818 0.12045454545454545
0 0.8053030303030303 0.48522727272727273 0.08636363636363636 0.07954545454545454
0 0.8765151515151515 0.42272727272727273 0.15 0.08181818181818182
0 0.6878787878787879 0.5795454545454545 0.1696969696969697 0.15454545454545454
0 0.5553030303030303 0.4568181818181818 0.07727272727272727 0.05454545454545454
0 0.681060606060606 0.4602272727272727 0.05909090909090909 0.04318181818181818
0 0.27121212121212124 0.4420454545454545 0.08484848484848485 0.056818181818181816
0 0.32196969696969696 0.7193181818181817 0.5409090909090909 0.3477272727272727
0 0.15075757575757576 0.9284090909090909 0.14696969696969697 0.125
1 0.5 0.6159090909090909 0.990909090909091 0.759090909090909
