1 0.52125 0.6055555555555555 0.96 0.7711111111111111
0 0.5775 0.6044444444444445 0.1825 0.17333333333333334
0 0.94875 0.46555555555555556 0.085 0.11333333333333333
0 0.216875 0.6888888888888889 0.19375 0.28
0 0.521875 0.3655555555555556 0.10125 0.06888888888888889
0 0.6225 0.3433333333333333 0.0525 0.06
0 0.701875 0.3922222222222222 0.058750000000000004 0.06888888888888889
0 0.81375 0.42333333333333334 0.0725 0.051111111111111114
0 0.85375 0.37222222222222223 0.075 0.051111111111111114
0 0.2025 0.39666666666666667 0.105 0.07777777777777778
0 0.43 0.4111111111111111 0.1275 0.06222222222222222
