0 0.44 0.9583333333333334 0.115 0.06333333333333334
0 0.4675 0.8750000000000001 0.065 0.08333333333333334
0 0.5425 0.9066666666666667 0.035 0.03333333333333333
0 0.67375 0.9533333333333334 0.0575 0.060000000000000005
0 0.63625 0.8500000000000001 0.0425 0.04666666666666667
0 0.68375 0.8350000000000001 0.0525 0.05666666666666667
0 0.4675 0.7000000000000001 0.09 0.07333333333333333
0 0.5625 0.7000000000000001 0.035 0.04
0 0.60375 0.6816666666666668 0.0325 0.03666666666666667
0 0.6425 0.6666666666666667 0.03 0.04
0 0.51 0.4466666666666667 0.075 0.060000000000000005
0 0.5525 0.43000000000000005 0.03 0.03333333333333333
0 0.3625 0.9216666666666667 0.03 0.06333333333333334
0 0.33 0.8883333333333334 0.04 0.05666666666666667
0 0.38 0.7266666666666667 0.035 0.05333333333333334
0 0.375 0.6466666666666667 0.025 0.02666666666666667
0 0.4675 0.6000000000000001 0.025 0.02666666666666667
0 0.53 0.5750000000000001 0.045 0.030000000000000002
0 0.59125 0.9166666666666667 0.0275 0.03333333333333333
1 0.4425 0.6983333333333334 0.245 0.5966666666666667
1 0.6575 0.805 0.17 0.39
