1 0.49946236559139784 0.4991525423728813 0.9967741935483871 0.9949152542372881
0 0.38763440860215054 0.4966101694915254 0.27419354838709675 0.16271186440677965
0 0.1956989247311828 0.7033898305084746 0.1956989247311828 0.29152542372881357
0 0.6973118279569892 0.8194915254237288 0.5279569892473118 0.34745762711864403
0 0.49838709677419357 0.2542372881355932 0.22258064516129034 0.18305084745762712
0 0.20430107526881722 0.3966101694915254 0.13333333333333333 0.09491525423728814
0 0.22311827956989247 0.28559322033898304 0.15161290322580645 0.10677966101694915
0 0.14623655913978495 0.1652542372881356 0.17204301075268819 0.09322033898305085
0 0.2978494623655914 0.09576271186440678 0.09247311827956989 0.059322033898305086
0 0.42849462365591395 0.11610169491525424 0.05053763440860215 0.03559322033898305
0 0.06720430107526881 0.053389830508474574 0.07204301075268817 0.03559322033898305
0 0.07419354838709677 0.10762711864406779 0.10967741935483871 0.05593220338983051
0 0.3010752688172043 0.049999999999999996 0.09032258064516129 0.04915254237288135
