0 0.5640625 0.5041666666666667 0.059375000000000004 0.06666666666666667
0 0.6332031250000001 0.4756944444444445 0.06640625 0.06527777777777778
0 0.934765625 0.7986111111111112 0.07734375 0.11666666666666667
0 0.7761718750000001 0.4041666666666667 0.047656250000000004 0.08055555555555556
0 0.8460937500000001 0.4215277777777778 0.07187500000000001 0.06805555555555556
0 0.525 0.8020833333333334 0.20468750000000002 0.3875
0 0.73984375 0.6597222222222222 0.23593750000000002 0.2611111111111111
0 0.487890625 0.3125 0.12265625000000001 0.075
0 0.7210937500000001 0.23402777777777778 0.13593750000000002 0.06805555555555556
0 0.343359375 0.29305555555555557 0.11328125 0.05555555555555556
0 0.36757812500000003 0.22777777777777777 0.06796875000000001 0.025
1 0.5007812500000001 0.6756944444444445 0.9921875 0.6458333333333334
1 0.68125 0.25833333333333336 0.20625000000000002 0.18611111111111112
1 0.065625 0.2569444444444445 0.11875000000000001 0.18333333333333335
1 0.33320312500000004 0.2826388888888889 0.14609375 0.1375
