0 0.6204545454545455 0.6066666666666667 0.1621212121212121 0.19333333333333336
0 0.740909090909091 0.5166666666666667 0.08787878787878788 0.1
0 0.5446969696969697 0.9233333333333333 0.17424242424242425 0.14
0 0.3393939393939394 0.6466666666666667 0.1787878787878788 0.17333333333333334
0 0.48787878787878786 0.49500000000000005 0.11212121212121212 0.09000000000000001
0 0.5893939393939394 0.4366666666666667 0.1303030303030303 0.08666666666666667
0 0.5803030303030303 0.3383333333333334 0.07575757575757576 0.05666666666666667
0 0.47045454545454546 0.3566666666666667 0.08636363636363636 0.08
0 0.37575757575757573 0.38 0.08484848484848485 0.060000000000000005
0 0.2916666666666667 0.43500000000000005 0.04696969696969697 0.09000000000000001
0 0.6257575757575757 0.23 0.1303030303030303 0.060000000000000005
0 0.6477272727272727 0.2866666666666667 0.04696969696969697 0.04
0 0.6931818181818182 0.3466666666666667 0.04696969696969697 0.03333333333333333
0 0.7181818181818181 0.29833333333333334 0.03939393939393939 0.043333333333333335
0 0.7234848484848485 0.21666666666666667 0.05 0.05333333333333334
0 0.5848484848484848 0.165 0.06666666666666667 0.043333333333333335
0 0.5174242424242425 0.20500000000000002 0.0893939393939394 0.05
0 0.3431818181818182 0.1 0.031818181818181815 0.04666666666666667
0 0.4462121212121212 0.11666666666666667 0.04696969696969697 0.04666666666666667
1 0.49242424242424243 0.5216666666666667 0.6181818181818182 0.9566666666666668
