0 0.18610747051114024 0.4386973180076628 0.09436435124508519 0.04597701149425287
0 0.29882044560943644 0.4664750957854406 0.17562254259501967 0.14367816091954022
0 0.49934469200524245 0.7768199233716475 0.6815203145478375 0.40804597701149425
0 0.5419397116644823 0.5258620689655172 0.12450851900393185 0.15134099616858238
0 0.6841415465268676 0.514367816091954 0.12057667103538663 0.09770114942528735
0 0.2686762778505898 0.3074712643678161 0.03669724770642202 0.032567049808429116
0 0.3328964613368283 0.31417624521072796 0.0655307994757536 0.03065134099616858
1 0.2712975098296199 0.6264367816091954 0.5425950196592398 0.7432950191570881
1 0.6349934469200524 0.7097701149425287 0.18217562254259503 0.5766283524904214
1 0.8597640891218873 0.828544061302682 0.2699868938401048 0.33141762452107276
