0 0.4131455399061033 0.5875 0.18466353677621283 0.125
0 0.3857589984350548 0.9208333333333334 0.2050078247261346 0.125
0 0.798904538341158 0.9458333333333334 0.12363067292644758 0.075
0 0.7073552425665102 0.8152777777777778 0.08137715179968702 0.0638888888888889
0 0.8098591549295775 0.5291666666666667 0.07042253521126761 0.075
0 0.14241001564945227 0.45972222222222225 0.15023474178403756 0.06944444444444445
0 0.1752738654147105 0.7708333333333334 0.29107981220657275 0.1527777777777778
0 0.4256651017214398 0.3263888888888889 0.09076682316118936 0.058333333333333334
0 0.6431924882629109 0.4236111111111111 0.06572769953051644 0.058333333333333334
0 0.6917057902973396 0.17500000000000002 0.056338028169014086 0.06666666666666667
0 0.42175273865414714 0.15555555555555556 0.09546165884194054 0.09444444444444444
0 0.14397496087636932 0.19722222222222224 0.06259780907668232 0.061111111111111116
0 0.1619718309859155 0.2611111111111111 0.07355242566510173 0.044444444444444446
1 0.5 0.49722222222222223 0.9937402190923318 0.9888888888888889
