1 0.23833333333333334 0.21180555555555555 0.4716666666666667 0.41250000000000003
1 0.67625 0.48680555555555555 0.5191666666666667 0.22361111111111112
1 0.7945833333333334 0.8034722222222223 0.4041666666666667 0.3680555555555556
0 0.13208333333333333 0.14166666666666666 0.08916666666666667 0.025
0 0.18375000000000002 0.19444444444444445 0.07916666666666668 0.030555555555555558
0 0.2804166666666667 0.22777777777777777 0.09416666666666668 0.025
0 0.30000000000000004 0.2715277777777778 0.09333333333333334 0.034722222222222224
0 0.3879166666666667 0.35208333333333336 0.16083333333333336 0.07361111111111111
0 0.03208333333333334 0.04722222222222222 0.04583333333333334 0.02777777777777778
0 0.12875 0.10416666666666667 0.060833333333333336 0.005555555555555556
0 0.6304166666666667 0.3125 0.0425 0.030555555555555558
