0 0.7452380952380953 0.8920634920634921 0.06825396825396825 0.11428571428571428
0 0.7801587301587302 0.6857142857142857 0.026984126984126985 0.0761904761904762
0 0.903968253968254 0.4396825396825397 0.05873015873015873 0.07936507936507936
0 0.9119047619047619 0.7031746031746031 0.06825396825396825 0.09841269841269841
0 0.9825396825396825 0.719047619047619 0.0380952380952381 0.1111111111111111
0 0.7436507936507937 0.3888888888888889 0.06190476190476191 0.08571428571428572
0 0.8293650793650794 0.2857142857142857 0.08095238095238096 0.12063492063492064
0 0.4087301587301587 0.8984126984126984 0.06507936507936508 0.11428571428571428
0 0.530952380952381 0.680952380952381 0.0746031746031746 0.14285714285714285
0 0.6095238095238096 0.7428571428571429 0.06666666666666667 0.08253968253968254
0 0.6626984126984127 0.8492063492063492 0.06507936507936508 0.08571428571428572
0 0.38492063492063494 0.7746031746031746 0.049206349206349205 0.0761904761904762
0 0.18968253968253967 0.8761904761904762 0.07142857142857142 0.13968253968253969
0 0.2912698412698413 0.8253968253968254 0.06507936507936508 0.12698412698412698
0 0.4507936507936508 0.3873015873015873 0.12698412698412698 0.13333333333333333
0 0.12222222222222222 0.10952380952380952 0.044444444444444446 0.07301587301587302
0 0.06507936507936508 0.12063492063492064 0.0380952380952381 0.06349206349206349
0 0.35714285714285715 0.4238095238095238 0.08571428571428572 0.1111111111111111
0 0.3380952380952381 0.2126984126984127 0.08571428571428572 0.16507936507936508
0 0.05634920634920635 0.3412698412698413 0.08095238095238096 0.13015873015873017
0 0.14365079365079364 0.32857142857142857 0.08095238095238096 0.15555555555555556
0 0.6634920634920635 0.6587301587301587 0.06666666666666667 0.1746031746031746
0 0.8976190476190476 0.14285714285714285 0.0746031746031746 0.09523809523809523
1 0.29365079365079366 0.5047619047619047 0.580952380952381 0.9968253968253968
1 0.8634920634920635 0.5015873015873016 0.273015873015873 0.9904761904761905
1 0.6547619047619048 0.5634920634920635 0.14444444444444443 0.8666666666666667
