0 0.701948051948052 0.8521939953810623 0.19350649350649352 0.19861431870669746
0 0.6792207792207792 0.6685912240184757 0.21038961038961038 0.12240184757505773
0 0.4090909090909091 0.6697459584295612 0.17662337662337663 0.13856812933025403
0 0.4954545454545455 0.5750577367205543 0.1 0.08314087759815242
0 0.6233766233766234 0.5311778290993071 0.07012987012987013 0.06466512702078522
0 0.37077922077922076 0.4434180138568129 0.05064935064935065 0.05542725173210161
0 0.5318181818181819 0.30600461893764436 0.06103896103896104 0.03464203233256351
0 0.6188311688311688 0.371824480369515 0.06623376623376623 0.03695150115473441
0 0.6707792207792208 0.3903002309468822 0.03506493506493506 0.03233256351039261
0 0.7324675324675325 0.4434180138568129 0.05194805194805195 0.050808314087759814
0 0.06688311688311688 0.4665127020785219 0.13116883116883116 0.08775981524249422
0 0.6662337662337662 0.31524249422632794 0.1038961038961039 0.04849884526558891
1 0.577922077922078 0.24249422632794457 0.08831168831168831 0.07390300230946882
0 0.8818181818181818 0.6096997690531177 0.22597402597402597 0.7713625866050808
