0 0.435 0.6075 0.1075 0.07
0 0.343125 0.7350000000000001 0.09 0.085
0 0.35375 0.6633333333333333 0.07625 0.07166666666666667
0 0.096875 0.70125 0.12875 0.09916666666666667
0 0.17875 0.7675000000000001 0.085 0.021666666666666667
0 0.18 0.6379166666666667 0.08375 0.05416666666666667
0 0.2790625 0.5033333333333334 0.063125 0.035
0 0.395 0.4675 0.04625 0.030000000000000002
0 0.4209375 0.36875 0.048125 0.022500000000000003
0 0.55375 0.39708333333333334 0.03625 0.022500000000000003
0 0.5615625 0.36041666666666666 0.040625 0.01916666666666667
0 0.6028125 0.3479166666666667 0.031875 0.022500000000000003
0 0.7040625 0.41958333333333336 0.039375 0.030833333333333334
0 0.19625 0.4708333333333334 0.055 0.03833333333333334
0 0.11375 0.4666666666666667 0.065 0.03666666666666667
0 0.1575 0.4416666666666667 0.0225 0.023333333333333334
0 0.26156250000000003 0.3775 0.050625 0.028333333333333335
0 0.3465625 0.395 0.090625 0.04
0 0.309375 0.4454166666666667 0.12375 0.0475
0 0.10250000000000001 0.5291666666666667 0.0775 0.05166666666666667
0 0.0265625 0.5750000000000001 0.045625 0.03833333333333334
0 0.4625 0.3075 0.05625 0.023333333333333334
0 0.409375 0.3279166666666667 0.07 0.029166666666666667
0 0.5246875 0.31958333333333333 0.049375 0.025833333333333337
0 0.53625 0.3404166666666667 0.0125 0.010833333333333334
0 0.6134375 0.2829166666666667 0.043125000000000004 0.0175
0 0.635625 0.3041666666666667 0.06375 0.015000000000000001
0 0.66 0.3216666666666667 0.043750000000000004 0.015000000000000001
0 0.67125 0.3479166666666667 0.0425 0.015833333333333335
0 0.681875 0.37833333333333335 0.0925 0.03833333333333334
0 0.6315625 0.3429166666666667 0.015625 0.014166666666666668
0 0.5096875 0.2783333333333334 0.080625 0.016666666666666666
1 0.499375 0.6058333333333333 0.9975 0.3466666666666667
1 0.49343750000000003 0.39375000000000004 0.676875 0.07916666666666668
1 0.5181250000000001 0.3241666666666667 0.47250000000000003 0.06166666666666667
1 0.5425 0.27666666666666667 0.31875000000000003 0.03333333333333333
