0 0.8197879858657243 0.2761425251742835 0.0895170789163722 0.056545313710302095
0 0.9522968197879857 0.2986057319907049 0.09305064782096584 0.061192873741285826
0 0.8839811542991755 0.4980635166537568 0.23203769140164898 0.08365608055770721
0 0.486454652532391 0.3117738187451588 0.3062426383981154 0.056545313710302095
0 0.3062426383981154 0.3795507358636716 0.12485276796230858 0.05267234701781565
0 0.45465253239104825 0.5964368706429125 0.09422850412249704 0.051123160340821074
0 0.5783274440518257 0.23547637490317586 0.160188457008245 0.04337722695584818
0 0.20259128386336867 0.256003098373354 0.32979976442873965 0.07358636715724245
0 0.0535924617196702 0.34198295894655306 0.09540636042402827 0.041053446940356314
0 0.2879858657243816 0.18745158791634392 0.42520612485276793 0.04337722695584818
0 0.754416961130742 0.17389620449264137 0.11896348645465252 0.027110766847405113
0 0.9605418138987043 0.17118512780790085 0.07891637220259128 0.07591014717273432
0 0.03356890459363957 0.061192873741285826 0.06007067137809187 0.030983733539891558
0 0.1266195524146054 0.046475600309837335 0.06007067137809187 0.020139426800929512
0 0.2055359246171967 0.056545313710302095 0.05535924617196702 0.017041053446940357
0 0.411660777385159 0.01897753679318358 0.0812720848056537 0.014717273431448491
0 0.05535924617196702 0.011618900077459334 0.10129564193168433 0.013942680092951201
0 0.11837455830388692 0.024012393493415957 0.036513545347467605 0.012393493415956624
1 0.5011778563015312 0.36212238574748257 0.9976442873969374 0.721146398140976
