0 0.439 0.7084639498432601 0.712 0.5517241379310345
0 0.89 0.7452978056426331 0.088 0.16144200626959246
0 0.6355000000000001 0.304858934169279 0.541 0.24608150470219434
0 0.9550000000000001 0.22178683385579936 0.062 0.05485893416927899
0 0.9615 0.3832288401253918 0.075 0.1457680250783699
0 0.9560000000000001 0.5133228840125391 0.08600000000000001 0.10501567398119122
1 0.4995 0.7100313479623824 0.999 0.5705329153605015
1 0.503 0.3557993730407523 0.992 0.1347962382445141
1 0.6295000000000001 0.23040752351097177 0.737 0.11598746081504702
1 0.8535 0.1426332288401254 0.28700000000000003 0.05329153605015674
