1 0.5492874109263658 0.6684491978609626 0.8942992874109265 0.6595365418894831
0 0.8652019002375297 0.8048128342245989 0.11757719714964371 0.0552584670231729
0 0.7595011876484561 0.7379679144385026 0.10807600950118765 0.0677361853832442
0 0.3794536817102138 0.8315508021390374 0.13657957244655583 0.10873440285204991
0 0.4792161520190024 0.7611408199643493 0.06769596199524941 0.0819964349376114
0 0.5558194774346794 0.6033868092691622 0.09263657957244656 0.0659536541889483
0 0.6763657957244655 0.5980392156862745 0.08907363420427554 0.044563279857397504
0 0.25593824228028506 0.6060606060606061 0.13895486935866985 0.0962566844919786
0 0.42220902612826605 0.49821746880570406 0.1294536817102138 0.0516934046345811
0 0.3016627078384798 0.5124777183600713 0.06413301662707839 0.062388591800356503
0 0.19477434679334918 0.4857397504456328 0.05463182897862233 0.0516934046345811
