0 0.2006451612903226 0.8986486486486487 0.17419354838709677 0.15637065637065636
0 0.19032258064516128 0.6824324324324325 0.10193548387096774 0.07915057915057916
0 0.07935483870967742 0.640926640926641 0.07096774193548387 0.06563706563706564
0 0.24129032258064517 0.48841698841698844 0.11870967741935484 0.07335907335907337
0 0.4974193548387097 0.6573359073359073 0.352258064516129 0.22972972972972974
0 0.5251612903225806 0.4816602316602317 0.24 0.09073359073359073
0 0.7509677419354839 0.5530888030888031 0.11612903225806452 0.08687258687258688
0 0.46774193548387094 0.3696911196911197 0.17419354838709677 0.11389961389961391
0 0.22 0.3725868725868726 0.24387096774193548 0.09652509652509653
0 0.44451612903225807 0.29054054054054057 0.09419354838709677 0.06756756756756757
0 0.3393548387096774 0.24131274131274133 0.09032258064516129 0.06177606177606178
