1 0.5041152263374485 0.7258064516129032 0.9917695473251028 0.5454545454545454
0 0.6230452674897119 0.4178885630498534 0.044444444444444446 0.03225806451612903
0 0.5588477366255143 0.43328445747800587 0.05761316872427984 0.051319648093841645
0 0.5020576131687242 0.41935483870967744 0.046090534979423864 0.04105571847507331
0 0.8604938271604938 0.6884164222873901 0.06666666666666667 0.04838709677419355
0 0.9098765432098765 0.658357771260997 0.03539094650205761 0.05865102639296188
0 0.8304526748971193 0.750733137829912 0.17448559670781894 0.08797653958944282
0 0.9045267489711935 0.875366568914956 0.14320987654320988 0.0967741935483871
0 0.7279835390946502 0.7947214076246334 0.0551440329218107 0.07624633431085044
0 0.7999999999999999 0.6473607038123167 0.03786008230452675 0.04252199413489736
0 0.848559670781893 0.6312316715542522 0.05267489711934156 0.04252199413489736
0 0.6345679012345679 0.8643695014662757 0.0411522633744856 0.054252199413489736
0 0.25679012345679014 0.7881231671554252 0.06748971193415637 0.06304985337243402
0 0.342798353909465 0.7881231671554252 0.08641975308641975 0.0718475073313783
0 0.19094650205761315 0.7697947214076246 0.044444444444444446 0.04985337243401759
0 0.3720164609053498 0.6737536656891495 0.03621399176954732 0.04252199413489736
0 0.6777777777777778 0.7595307917888563 0.06831275720164609 0.05278592375366569
0 0.6790123456790124 0.7148093841642229 0.05596707818930041 0.039589442815249266
