0 0.13333333333333333 0.8252148997134671 0.0761904761904762 0.03151862464183381
0 0.18571428571428572 0.7936962750716332 0.07428571428571429 0.03724928366762178
0 0.29 0.9426934097421203 0.16476190476190475 0.07736389684813753
0 0.4614285714285714 0.8646131805157593 0.15714285714285714 0.1160458452722063
0 0.8676190476190476 0.6862464183381088 0.1180952380952381 0.05730659025787965
0 0.3738095238095238 0.5558739255014327 0.09619047619047619 0.03724928366762178
0 0.4680952380952381 0.5830945558739254 0.07333333333333333 0.04297994269340974
0 0.6476190476190476 0.5 0.07238095238095238 0.03151862464183381
0 0.7076190476190476 0.5709169054441261 0.03619047619047619 0.027220630372492834
0 0.24142857142857144 0.6217765042979942 0.039047619047619046 0.020057306590257878
0 0.2823809523809524 0.5995702005730659 0.06952380952380953 0.02148997134670487
0 0.20809523809523808 0.5752148997134671 0.054285714285714284 0.024355300859598854
0 0.17 0.6912607449856734 0.058095238095238096 0.03008595988538682
1 0.5 0.8202005730659025 0.9923809523809524 0.35673352435530087
1 0.24857142857142858 0.5945558739255015 0.49523809523809526 0.08882521489971347
1 0.7628571428571429 0.6038681948424068 0.29714285714285715 0.07879656160458452
1 0.650952380952381 0.5193409742120344 0.07142857142857142 0.09025787965616046
