1 0.4648829431438127 0.6416666666666667 0.8929765886287625 0.4633333333333333
1 0.818561872909699 0.31722222222222224 0.3595317725752508 0.18333333333333332
0 0.5986622073578595 0.7877777777777778 0.3745819397993311 0.12666666666666668
0 0.6212374581939799 0.5977777777777777 0.1588628762541806 0.044444444444444446
0 0.25668896321070234 0.7444444444444445 0.14214046822742474 0.03777777777777778
0 0.33612040133779264 0.5288888888888889 0.15719063545150502 0.042222222222222223
0 0.5986622073578595 0.505 0.21070234113712374 0.027777777777777776
0 0.7165551839464883 0.5466666666666666 0.13210702341137123 0.03111111111111111
0 0.12040133779264214 0.5883333333333334 0.1939799331103679 0.052222222222222225
0 0.6638795986622074 0.4488888888888889 0.16387959866220736 0.03333333333333333
