0 0.34119496855345915 0.6982570806100219 0.46226415094339623 0.15468409586056647
0 0.14937106918238993 0.7984749455337692 0.1729559748427673 0.10675381263616558
0 0.4457547169811321 0.8627450980392157 0.24056603773584906 0.11764705882352942
0 0.41902515723270445 0.9477124183006537 0.09905660377358491 0.04357298474945534
0 0.6092767295597484 0.9553376906318084 0.20911949685534592 0.05882352941176471
0 0.8506289308176102 0.7538126361655774 0.2861635220125786 0.1917211328976035
1 0.47405660377358494 0.7418300653594772 0.7940251572327044 0.5206971677559913
1 0.949685534591195 0.7178649237472767 0.08176100628930819 0.5511982570806101
1 0.8907232704402516 0.7701525054466232 0.039308176100628936 0.40740740740740744
1 0.22248427672955975 0.40849673202614384 0.2688679245283019 0.1459694989106754
1 0.7193396226415095 0.4291938997821351 0.2940251572327044 0.10021786492374729
