1 0.5008064516129033 0.7652519893899203 0.9919354838709677 0.48010610079575594
1 0.5112903225806451 0.4403183023872679 0.26129032258064516 0.16445623342175064
1 0.7048387096774194 0.46021220159151194 0.12258064516129032 0.13527851458885942
0 0.8935483870967742 0.6936339522546419 0.18064516129032257 0.16710875331564987
0 0.7879032258064516 0.8541114058355437 0.1338709677419355 0.11671087533156498
0 0.17580645161290323 0.7679045092838196 0.31290322580645163 0.2042440318302387
0 0.482258064516129 0.8076923076923076 0.06451612903225806 0.09814323607427056
0 0.5274193548387097 0.46551724137931033 0.08064516129032258 0.08222811671087532
0 0.5620967741935484 0.37267904509283817 0.1403225806451613 0.055702917771883284
0 0.6733870967741935 0.5053050397877984 0.16612903225806452 0.1246684350132626
0 0.15564516129032258 0.5517241379310345 0.21129032258064517 0.10079575596816975
