0 0.5640625 0.8270833333333334 0.15000000000000002 0.1375
0 0.6546875000000001 0.732638888888889 0.0578125 0.09305555555555556
0 0.35976562500000003 0.4395833333333333 0.07109375 0.08194444444444444
0 0.244140625 0.4256944444444445 0.08359375000000001 0.08194444444444444
0 0.187890625 0.5895833333333333 0.16171875000000002 0.10972222222222222
0 0.12109375 0.76875 0.2265625 0.2652777777777778
0 0.049218750000000006 0.4083333333333333 0.065625 0.061111111111111116
0 0.7046875 0.2520833333333333 0.12812500000000002 0.05694444444444444
0 0.8269531250000001 0.2152777777777778 0.10234375000000001 0.04166666666666667
0 0.7347656250000001 0.2111111111111111 0.06953125 0.04166666666666667
0 0.7125 0.15625 0.06875 0.04027777777777778
0 0.7601562500000001 0.31527777777777777 0.2578125 0.07777777777777778
0 0.7507812500000001 0.5472222222222223 0.5 0.3611111111111111
1 0.5027343750000001 0.6875 0.9945312500000001 0.6222222222222222
1 0.76953125 0.2916666666666667 0.4578125 0.16944444444444445
