0 0.566796875 0.8444444444444444 0.13359375 0.10833333333333334
0 0.75546875 0.8409722222222222 0.140625 0.09305555555555556
0 0.8835937500000001 0.7368055555555556 0.08125 0.0763888888888889
0 0.38593750000000004 0.8368055555555556 0.1125 0.06805555555555556
0 0.40664062500000003 0.8979166666666667 0.06796875000000001 0.04583333333333334
0 0.48476562500000003 0.7388888888888889 0.057031250000000006 0.05555555555555556
0 0.612890625 0.6902777777777778 0.19609375 0.10277777777777779
0 0.3765625 0.6430555555555556 0.2078125 0.09722222222222222
0 0.25859375 0.7520833333333333 0.109375 0.06805555555555556
0 0.33828125000000003 0.75 0.043750000000000004 0.05
0 0.437109375 0.43333333333333335 0.12734375 0.06666666666666667
0 0.55625 0.4479166666666667 0.0859375 0.07361111111111111
0 0.466796875 0.2881944444444445 0.04609375 0.05694444444444444
0 0.56953125 0.27222222222222225 0.0671875 0.06666666666666667
0 0.821484375 0.21458333333333335 0.13359375 0.08472222222222223
0 0.23945312500000002 0.42430555555555555 0.06171875 0.059722222222222225
0 0.034765625 0.9444444444444445 0.06328125 0.0638888888888889
0 0.18359375 0.13472222222222222 0.0765625 0.058333333333333334
0 0.22890625 0.0951388888888889 0.045312500000000006 0.059722222222222225
0 0.08125 0.1 0.065625 0.05277777777777778
0 0.039843750000000004 0.14166666666666666 0.0734375 0.05277777777777778
0 0.6820312500000001 0.05277777777777778 0.15781250000000002 0.06944444444444445
0 0.8148437500000001 0.02013888888888889 0.08125 0.0375
0 0.91953125 0.05694444444444444 0.1234375 0.044444444444444446
0 0.733984375 0.12569444444444444 0.07578125000000001 0.043055555555555555
0 0.8546875 0.10416666666666667 0.14375000000000002 0.06944444444444445
0 0.9593750000000001 0.14305555555555557 0.07968750000000001 0.044444444444444446
0 0.7953125000000001 0.3826388888888889 0.0328125 0.04583333333333334
0 0.7933593750000001 0.5701388888888889 0.12734375 0.12916666666666668
0 0.029296875 0.70625 0.05390625 0.18472222222222223
0 0.39609375 0.035416666666666666 0.040625 0.043055555555555555
0 0.49453125000000003 0.030555555555555558 0.12812500000000002 0.058333333333333334
1 0.15234375 0.49930555555555556 0.3046875 0.9958333333333333
1 0.6511718750000001 0.7201388888888889 0.69453125 0.5597222222222222
1 0.7117187500000001 0.2215277777777778 0.5734375 0.43472222222222223
