0 0.5177966101694915 0.5957142857142858 0.188135593220339 0.07142857142857142
0 0.7059322033898305 0.8571428571428571 0.09999999999999999 0.10285714285714286
0 0.676271186440678 0.5128571428571429 0.10508474576271186 0.06
0 0.7338983050847457 0.3842857142857143 0.14576271186440679 0.07142857142857142
0 0.3177966101694915 0.79 0.6220338983050847 0.3742857142857143
0 0.45084745762711864 0.5271428571428571 0.15254237288135591 0.08857142857142856
0 0.5610169491525424 0.44857142857142857 0.06440677966101695 0.05142857142857143
0 0.5983050847457627 0.36857142857142855 0.10847457627118644 0.04
0 0.6677966101694915 0.45 0.1152542372881356 0.04285714285714286
0 0.6372881355932203 0.41714285714285715 0.10508474576271186 0.05142857142857143
1 0.6771186440677965 0.31 0.19491525423728814 0.06
1 0.9084745762711864 0.6985714285714286 0.16271186440677965 0.46
