1 0.28958333333333336 0.570625 0.5741666666666667 0.8612500000000001
1 0.7883333333333333 0.65125 0.4216666666666667 0.6950000000000001
1 0.12541666666666668 0.0725 0.1691666666666667 0.135
1 0.2916666666666667 0.104375 0.16166666666666668 0.07125000000000001
0 0.4683333333333334 0.51625 0.18666666666666668 0.1075
0 0.7029166666666667 0.50625 0.11416666666666668 0.0775
0 0.7183333333333334 0.68 0.16833333333333333 0.1075
0 0.21208333333333335 0.66125 0.11416666666666668 0.08
0 0.10250000000000001 0.378125 0.08 0.043750000000000004
0 0.31125 0.33187500000000003 0.0575 0.04625
0 0.5337500000000001 0.438125 0.10416666666666667 0.06375
0 0.43500000000000005 0.250625 0.043333333333333335 0.02625
0 0.33333333333333337 0.225 0.065 0.03
0 0.38333333333333336 0.185 0.05166666666666667 0.03
0 0.5233333333333333 0.356875 0.028333333333333335 0.02875
0 0.2004166666666667 0.2925 0.03416666666666667 0.02
0 0.14666666666666667 0.28 0.05666666666666667 0.04
0 0.14041666666666666 0.234375 0.0325 0.01875
0 0.1679166666666667 0.17125 0.052500000000000005 0.025
0 0.03666666666666667 0.201875 0.04833333333333334 0.02375
0 0.043750000000000004 0.236875 0.05416666666666667 0.02625
0 0.08708333333333333 0.258125 0.05583333333333334 0.03125
