0 0.6824858757062147 0.4279661016949152 0.1152542372881356 0.09322033898305085
0 0.6022598870056497 0.31864406779661014 0.09265536723163842 0.0711864406779661
0 0.7564971751412429 0.15084745762711865 0.059887005649717516 0.04406779661016949
0 0.1344632768361582 0.5127118644067796 0.1423728813559322 0.08305084745762711
0 0.10395480225988701 0.8305084745762712 0.18983050847457628 0.11864406779661017
0 0.2169491525423729 0.7033898305084746 0.10395480225988701 0.05084745762711864
0 0.4367231638418079 0.5855932203389831 0.17966101694915254 0.1542372881355932
0 0.04576271186440678 0.31525423728813556 0.08700564971751412 0.07796610169491525
0 0.41355932203389834 0.37881355932203387 0.0655367231638418 0.04576271186440678
0 0.7717514124293785 0.3754237288135593 0.04971751412429379 0.0423728813559322
