0 0.7278571428571429 0.7086513994910942 0.041428571428571426 0.0534351145038168
0 0.745 0.8256997455470738 0.06142857142857143 0.10432569974554708
0 0.6978571428571428 0.9465648854961832 0.10714285714285714 0.10178117048346057
0 0.7814285714285715 0.9376590330788804 0.06857142857142857 0.10941475826972011
0 0.8242857142857143 0.7557251908396947 0.025714285714285714 0.06615776081424937
0 0.6542857142857142 0.6666666666666667 0.07142857142857142 0.08651399491094149
0 0.6721428571428572 0.5445292620865141 0.07 0.07124681933842239
0 0.4564285714285714 0.6832061068702291 0.07285714285714286 0.06361323155216285
0 0.5871428571428572 0.7302798982188295 0.08 0.13740458015267176
0 0.4042857142857143 0.6208651399491094 0.054285714285714284 0.05597964376590331
0 0.5671428571428572 0.5356234096692112 0.05142857142857143 0.06361323155216285
0 0.09357142857142857 0.910941475826972 0.10428571428571429 0.14249363867684478
0 0.13857142857142857 0.7430025445292622 0.08285714285714285 0.09160305343511452
0 0.33714285714285713 0.7277353689567431 0.06571428571428571 0.1068702290076336
0 0.4521428571428571 0.8689567430025446 0.09857142857142857 0.2366412213740458
0 0.3107142857142857 0.6195928753180662 0.041428571428571426 0.04325699745547074
1 0.5021428571428571 0.8091603053435115 0.9957142857142857 0.38676844783715014
1 0.6507142857142857 0.5241730279898219 0.21857142857142858 0.18320610687022904
1 0.40785714285714286 0.5661577608142494 0.27 0.09923664122137406
1 0.415 0.47582697201017815 0.09571428571428571 0.08651399491094149
