0 0.61 0.8700934579439252 0.145 0.1102803738317757
0 0.895625 0.8308411214953272 0.07375 0.05794392523364486
0 0.881875 0.7158878504672898 0.14625 0.08224299065420561
0 0.930625 0.5308411214953271 0.10875 0.056074766355140186
0 0.891875 0.5934579439252337 0.09625 0.06168224299065421
0 0.795625 0.6289719626168224 0.12375 0.102803738317757
0 0.610625 0.685981308411215 0.19875 0.11214953271028037
0 0.64875 0.5457943925233645 0.14 0.07102803738317758
0 0.780625 0.508411214953271 0.11125 0.08598130841121496
0 0.8575 0.46635514018691593 0.125 0.05420560747663552
0 0.6775 0.4373831775700935 0.1125 0.048598130841121495
0 0.415625 0.43831775700934583 0.07625 0.03925233644859813
0 0.315625 0.6056074766355141 0.15125 0.0897196261682243
0 0.3125 0.960747663551402 0.1825 0.07476635514018692
0 0.11750000000000001 0.7934579439252337 0.075 0.102803738317757
0 0.175625 0.6373831775700934 0.07625 0.06355140186915888
0 0.213125 0.5074766355140187 0.07125000000000001 0.05420560747663552
0 0.343125 0.5 0.14375000000000002 0.0691588785046729
0 0.278125 0.34205607476635513 0.058750000000000004 0.03364485981308411
0 0.545 0.32897196261682243 0.1075 0.04485981308411215
0 0.81375 0.31775700934579443 0.3625 0.11588785046728972
0 0.024375 0.38785046728971967 0.03625 0.06542056074766356
0 0.076875 0.32429906542056075 0.15125 0.04672897196261683
0 0.3775 0.7345794392523365 0.115 0.1383177570093458
0 0.51375 0.577570093457944 0.0525 0.056074766355140186
0 0.398125 0.3271028037383178 0.07625 0.029906542056074768
1 0.503125 0.6121495327102804 0.99375 0.7644859813084113
1 0.4175 0.16728971962616823 0.4275 0.1177570093457944
