0 0.2767598842815815 0.578907435508346 0.06364513018322084 0.06525037936267071
0 0.18563162970106076 0.6145675265553869 0.09546769527483125 0.042488619119878605
0 0.1210221793635487 0.6965098634294385 0.09932497589199614 0.07890743550834597
0 0.1171648987463838 0.6335356600910471 0.03953712632594021 0.03186646433990895
0 0.251205400192864 0.7845220030349014 0.15139826422372227 0.0637329286798179
0 0.6248794599807136 0.4734446130500759 0.07714561234329798 0.051593323216995446
0 0.7087753134040502 0.45144157814871017 0.08293153326904533 0.06828528072837634
0 0.5501446480231437 0.42564491654021247 0.085824493731919 0.04400606980273141
0 0.43587270973963355 0.374051593323217 0.09064609450337513 0.04400606980273141
0 0.36547733847637415 0.4400606980273141 0.05785920925747348 0.051593323216995446
0 0.4257473481195757 0.5098634294385432 0.08389585342333655 0.045523520485584223
0 0.4971070395371263 0.7314112291350532 0.11475409836065574 0.11836115326251898
0 0.866923818707811 0.41578148710166923 0.25650916104146576 0.12139605462822459
0 0.26036644165863065 0.9226100151745069 0.19479267116682739 0.13657056145675267
1 0.5009643201542913 0.6115326251896813 0.9980713596914176 0.7738998482549317
