0 0.56875 0.5833333333333334 0.0875 0.08518518518518518
0 0.6390625 0.8250000000000001 0.13020833333333334 0.19814814814814816
0 0.49374999999999997 0.7074074074074075 0.09583333333333333 0.11111111111111112
0 0.34791666666666665 0.7175925925925927 0.09583333333333333 0.12037037037037038
0 0.4354166666666667 0.5703703703703704 0.09166666666666666 0.11111111111111112
0 0.46249999999999997 0.3824074074074074 0.04375 0.05740740740740741
0 0.3296875 0.5527777777777778 0.08229166666666667 0.09074074074074075
0 0.2 0.7138888888888889 0.08541666666666667 0.11296296296296297
0 0.11145833333333333 0.65 0.12291666666666666 0.17407407407407408
0 0.034895833333333334 0.8037037037037037 0.06354166666666666 0.24814814814814815
0 0.35625 0.3425925925925926 0.06875 0.04814814814814815
0 0.42135416666666664 0.35000000000000003 0.034375 0.037037037037037035
0 0.4744791666666667 0.2740740740740741 0.040625 0.07777777777777778
0 0.11770833333333333 0.36388888888888893 0.09791666666666667 0.09444444444444444
0 0.6552083333333333 0.23240740740740742 0.11875 0.12037037037037038
0 0.7958333333333333 0.5370370370370371 0.34791666666666665 0.20740740740740743
0 0.3572916666666667 0.2601851851851852 0.041666666666666664 0.03888888888888889
0 0.9177083333333333 0.8222222222222223 0.16041666666666665 0.35555555555555557
1 0.45468749999999997 0.6351851851851852 0.896875 0.7296296296296296
1 0.9505208333333334 0.6601851851851852 0.09479166666666666 0.6759259259259259
1 0.5427083333333333 0.16203703703703703 0.4354166666666667 0.21666666666666667
1 0.19635416666666666 0.21944444444444444 0.10520833333333333 0.09814814814814815
