0 0.5141666666666667 0.8066666666666668 0.15833333333333335 0.15333333333333335
0 0.28750000000000003 0.9133333333333334 0.14500000000000002 0.16666666666666669
0 0.30583333333333335 0.7633333333333334 0.055 0.08
0 0.5033333333333334 0.5583333333333333 0.23 0.12333333333333334
0 0.12166666666666667 0.4916666666666667 0.11333333333333334 0.09000000000000001
0 0.14333333333333334 0.675 0.09333333333333334 0.09000000000000001
0 0.41000000000000003 0.4166666666666667 0.25333333333333335 0.12000000000000001
1 0.5016666666666667 0.7766666666666667 0.9833333333333334 0.42000000000000004
1 0.30000000000000004 0.44833333333333336 0.5933333333333334 0.22333333333333336
1 0.8383333333333334 0.4516666666666667 0.32333333333333336 0.21666666666666667
