0 0.6122881355932204 0.3125 0.09745762711864407 0.09186746987951808
0 0.6661016949152542 0.42018072289156627 0.0847457627118644 0.09036144578313253
0 0.6567796610169492 0.21987951807228917 0.09152542372881356 0.045180722891566265
0 0.6983050847457627 0.2680722891566265 0.023728813559322035 0.02710843373493976
0 0.7809322033898305 0.07906626506024096 0.01949152542372881 0.02560240963855422
0 0.7669491525423728 0.024849397590361446 0.020338983050847456 0.01957831325301205
0 0.7724576271186441 0.11671686746987953 0.01440677966101695 0.01957831325301205
0 0.7822033898305084 0.13554216867469882 0.015254237288135592 0.015060240963855422
0 0.8932203389830509 0.8132530120481928 0.19152542372881357 0.177710843373494
0 0.38177966101694916 0.329066265060241 0.1771186440677966 0.17620481927710843
0 0.4398305084745763 0.11746987951807229 0.0576271186440678 0.04819277108433735
0 0.49194915254237287 0.05120481927710844 0.026271186440677965 0.03313253012048193
0 0.18305084745762712 0.473644578313253 0.13898305084745763 0.0858433734939759
1 0.49957627118644066 0.4992469879518073 0.997457627118644 0.9894578313253013
