0 0.7553030303030303 0.7181425485961124 0.06515151515151515 0.07991360691144708
0 0.5340909090909091 0.724622030237581 0.07121212121212121 0.12742980561555076
0 0.8022727272727272 0.5388768898488121 0.07727272727272727 0.08855291576673867
0 0.8757575757575757 0.519438444924406 0.045454545454545456 0.058315334773218146
0 0.7909090909090909 0.4816414686825054 0.06060606060606061 0.03023758099352052
0 0.7106060606060606 0.5032397408207344 0.05757575757575758 0.09071274298056156
0 0.7234848484848485 0.4449244060475162 0.05 0.02591792656587473
0 0.668939393939394 0.47732181425485964 0.05606060606060606 0.05615550755939525
0 0.6151515151515151 0.4686825053995681 0.03333333333333333 0.04319654427645789
0 0.3303030303030303 0.7159827213822895 0.07272727272727272 0.0755939524838013
0 0.43333333333333335 0.562634989200864 0.05454545454545454 0.07127429805615551
0 0.5106060606060606 0.5237580993520519 0.06666666666666667 0.04535637149028078
0 0.44696969696969696 0.4784017278617711 0.07272727272727272 0.06695464362850972
0 0.31666666666666665 0.6112311015118791 0.11212121212121212 0.11663066954643629
0 0.5583333333333333 0.4168466522678186 0.04393939393939394 0.02591792656587473
0 0.5227272727272727 0.4784017278617711 0.03939393939393939 0.032397408207343416
1 0.6015151515151516 0.6911447084233262 0.6878787878787879 0.6090712742980562
