1 0.49923076923076926 0.6405433646812958 0.9953846153846154 0.5287356321839081
1 0.4492307692307692 0.28944618599791017 0.5184615384615384 0.17345872518286312
0 0.7542307692307693 0.5041797283176594 0.05615384615384615 0.04493207941483804
0 0.7403846153846154 0.4195402298850575 0.04692307692307692 0.03239289446185998
0 0.6792307692307692 0.4195402298850575 0.06153846153846154 0.03239289446185998
0 0.6188461538461538 0.44514106583072105 0.0823076923076923 0.06478578892371996
0 0.5196153846153846 0.4545454545454546 0.08384615384615385 0.07523510971786834
0 0.4826923076923077 0.3866248693834901 0.0823076923076923 0.04179728317659352
0 0.46692307692307694 0.26698014629049116 0.046153846153846156 0.02821316614420063
0 0.30423076923076925 0.2539184952978057 0.03307692307692308 0.018808777429467086
0 0.3242307692307692 0.28996865203761757 0.036153846153846154 0.019853709508881923
0 0.41 0.22779519331243472 0.023076923076923078 0.025078369905956115
0 0.20038461538461538 0.43469174503657265 0.06846153846153846 0.09404388714733543
0 0.29653846153846153 0.6405433646812958 0.1776923076923077 0.27377220480668757
0 0.43653846153846154 0.34430512016718917 0.09153846153846154 0.05329153605015675
