0 0.35885416666666664 0.5333333333333333 0.090625 0.06041666666666667
0 0.5255208333333333 0.6213541666666667 0.303125 0.178125
0 0.61875 0.36822916666666666 0.23541666666666666 0.084375
0 0.5786458333333333 0.4479166666666667 0.096875 0.06458333333333333
0 0.765625 0.2947916666666667 0.1375 0.05
0 0.8546874999999999 0.21458333333333332 0.06979166666666667 0.03958333333333333
0 0.75 0.22916666666666666 0.07708333333333334 0.03958333333333333
0 0.4786458333333333 0.8677083333333333 0.5177083333333333 0.21041666666666667
0 0.10260416666666666 0.6260416666666666 0.19479166666666667 0.18125
0 0.19895833333333332 0.31875 0.09166666666666666 0.05416666666666667
0 0.33697916666666666 0.30416666666666664 0.16979166666666667 0.08541666666666667
0 0.5385416666666667 0.2635416666666667 0.2 0.075
0 0.6958333333333333 0.18385416666666665 0.16875 0.06354166666666666
0 0.5510416666666667 0.17604166666666665 0.10208333333333333 0.04791666666666666
0 0.421875 0.21458333333333332 0.1 0.04583333333333333
0 0.15260416666666665 0.2453125 0.17395833333333333 0.04479166666666667
0 0.13802083333333334 0.43072916666666666 0.26979166666666665 0.18229166666666666
0 0.9588541666666667 0.23906249999999998 0.08229166666666667 0.046875
0 0.9406249999999999 0.1875 0.1125 0.03958333333333333
0 0.915625 0.14427083333333332 0.12291666666666666 0.036458333333333336
0 0.9161458333333333 0.08697916666666666 0.15520833333333334 0.034375
0 0.5869791666666666 0.12135416666666667 0.10520833333333333 0.042708333333333334
0 0.6776041666666667 0.12135416666666667 0.05520833333333333 0.036458333333333336
0 0.7333333333333333 0.07604166666666666 0.09166666666666666 0.035416666666666666
0 0.9182291666666667 0.034895833333333334 0.11145833333333333 0.042708333333333334
0 0.7901041666666666 0.05260416666666667 0.08020833333333333 0.028125
0 0.48541666666666666 0.0984375 0.11458333333333333 0.03854166666666667
0 0.3203125 0.11458333333333333 0.153125 0.03958333333333333
0 0.13802083333333334 0.18229166666666666 0.053125 0.025
1 0.49947916666666664 0.34739583333333335 0.996875 0.0010416666666666667
1 0.38177083333333334 0.6609375 0.7572916666666667 0.6239583333333333
