0 0.4505208333333333 0.810546875 0.19965277777777776 0.13932291666666666
0 0.2786458333333333 0.7239583333333333 0.11631944444444443 0.07552083333333333
0 0.3133680555555555 0.6197916666666666 0.08159722222222222 0.0546875
0 0.3819444444444444 0.5091145833333333 0.0625 0.03645833333333333
0 0.34635416666666663 0.45963541666666663 0.09895833333333333 0.03645833333333333
0 0.3333333333333333 0.421875 0.06597222222222222 0.028645833333333332
0 0.525173611111111 0.42057291666666663 0.05034722222222222 0.0234375
0 0.6796875 0.5774739583333333 0.0642361111111111 0.03255208333333333
0 0.8663194444444444 0.662109375 0.059027777777777776 0.05598958333333333
0 0.6371527777777778 0.6979166666666666 0.08680555555555555 0.078125
0 0.9088541666666666 0.43424479166666663 0.05034722222222222 0.022135416666666664
0 0.8585069444444444 0.46354166666666663 0.05034722222222222 0.033854166666666664
0 0.9479166666666666 0.5143229166666666 0.0798611111111111 0.026041666666666664
0 0.9592013888888888 0.5462239583333333 0.07118055555555555 0.02734375
1 0.6015625 0.591796875 0.7864583333333333 0.8111979166666666
1 0.10069444444444443 0.22395833333333331 0.18402777777777776 0.109375
