0 0.255078125 0.5048611111111111 0.12734375 0.15416666666666667
0 0.201953125 0.41111111111111115 0.05234375 0.05277777777777778
0 0.22968750000000002 0.3597222222222222 0.043750000000000004 0.04722222222222222
0 0.264453125 0.29097222222222224 0.05390625 0.05694444444444444
0 0.30312500000000003 0.8194444444444445 0.2625 0.3611111111111111
0 0.37929687500000003 0.5736111111111112 0.09609375 0.11666666666666667
0 0.7195312500000001 0.8569444444444445 0.08281250000000001 0.17222222222222222
0 0.8359375 0.8131944444444444 0.043750000000000004 0.12083333333333333
0 0.9402343750000001 0.7034722222222223 0.08046875 0.1763888888888889
0 0.6179687500000001 0.5458333333333334 0.1046875 0.13055555555555556
0 0.7019531250000001 0.4430555555555556 0.06953125 0.06666666666666667
0 0.8050781250000001 0.3375 0.12578125 0.07222222222222223
0 0.8367187500000001 0.42430555555555555 0.1015625 0.08194444444444444
0 0.814453125 0.5527777777777778 0.11015625000000001 0.18888888888888888
1 0.619140625 0.8020833333333334 0.10703125000000001 0.3680555555555556
1 0.716015625 0.6291666666666667 0.08046875 0.275
1 0.933203125 0.425 0.07734375 0.33333333333333337
