0 0.7641666666666667 0.45454545454545453 0.058333333333333334 0.14545454545454545
0 0.8966666666666667 0.49454545454545457 0.07666666666666667 0.13818181818181818
0 0.6475000000000001 0.3690909090909091 0.095 0.1709090909090909
0 0.7250000000000001 0.2909090909090909 0.09666666666666668 0.13090909090909092
0 0.5908333333333333 0.12545454545454546 0.11166666666666668 0.11272727272727273
0 0.6558333333333334 0.7436363636363637 0.34500000000000003 0.5054545454545455
0 0.3091666666666667 0.44727272727272727 0.35500000000000004 0.4581818181818182
0 0.47000000000000003 0.045454545454545456 0.07333333333333333 0.05454545454545454
1 0.6325000000000001 0.5036363636363637 0.7250000000000001 0.9927272727272727
1 0.22916666666666669 0.5581818181818182 0.085 0.8909090909090909
1 0.1575 0.6018181818181818 0.06166666666666667 0.7890909090909091
