0 0.6499183006535948 0.7222222222222222 0.059640522875817 0.075
0 0.7099673202614379 0.5861111111111111 0.04575163398692811 0.075
0 0.8035130718954249 0.6895833333333333 0.040032679738562095 0.04861111111111111
0 0.5796568627450981 0.6340277777777779 0.04493464052287582 0.04583333333333334
0 0.5159313725490197 0.6444444444444445 0.031862745098039214 0.04722222222222222
0 0.5220588235294118 0.5333333333333333 0.06372549019607843 0.07222222222222223
0 0.7422385620915033 0.43194444444444446 0.04493464052287582 0.061111111111111116
0 0.806781045751634 0.4715277777777778 0.05473856209150327 0.0625
0 0.6768790849673203 0.41597222222222224 0.040032679738562095 0.043055555555555555
0 0.4256535947712418 0.51875 0.05392156862745098 0.05416666666666667
0 0.38153594771241833 0.6361111111111112 0.06372549019607843 0.075
0 0.3214869281045752 0.6104166666666667 0.04493464052287582 0.06805555555555556
0 0.08333333333333334 0.64375 0.04411764705882353 0.06527777777777778
0 0.8954248366013072 0.6034722222222223 0.14705882352941177 0.11805555555555557
0 0.4734477124183007 0.5097222222222222 0.03349673202614379 0.058333333333333334
1 0.7001633986928105 0.26944444444444443 0.11111111111111112 0.05
1 0.8088235294117647 0.3506944444444445 0.17320261437908496 0.06805555555555556
1 0.9281045751633987 0.4930555555555556 0.14215686274509803 0.1638888888888889
1 0.434640522875817 0.4340277777777778 0.21405228758169936 0.09027777777777778
1 0.4812091503267974 0.3201388888888889 0.2777777777777778 0.07916666666666666
