0 0.521875 0.490234375 0.12291666666666666 0.06328125
0 0.48593749999999997 0.380859375 0.06770833333333333 0.025781250000000002
0 0.49166666666666664 0.287109375 0.07708333333333334 0.02890625
0 0.6067708333333334 0.28164062500000003 0.08229166666666667 0.03671875
0 0.4984375 0.24335937500000002 0.078125 0.03515625
0 0.3130208333333333 0.451953125 0.11979166666666667 0.04296875
0 0.32395833333333335 0.400390625 0.07291666666666667 0.030468750000000003
0 0.3052083333333333 0.32929687500000004 0.07708333333333334 0.03671875
0 0.1046875 0.57265625 0.10104166666666667 0.035937500000000004
0 0.7661458333333333 0.265234375 0.053125 0.049218750000000006
1 0.5 0.36484375 0.9979166666666667 0.7296875
