0 0.45915678524374176 0.49763033175355453 0.10144927536231885 0.2559241706161138
0 0.48550724637681164 0.7381516587677726 0.09881422924901186 0.1113744075829384
0 0.6264822134387352 0.8329383886255924 0.11725955204216074 0.23459715639810427
0 0.735836627140975 0.613744075829384 0.077733860342556 0.13270142180094788
0 0.813570487483531 0.6860189573459716 0.0461133069828722 0.09241706161137442
0 0.7424242424242424 0.3981042654028436 0.04084321475625824 0.09004739336492892
0 0.8353096179183136 0.35189573459715645 0.12911725955204217 0.39099526066350715
0 0.9552042160737814 0.13625592417061613 0.08959156785243742 0.26303317535545023
0 0.7898550724637682 0.8696682464454977 0.07509881422924901 0.07109004739336494
0 0.3557312252964427 0.7582938388625593 0.07641633728590251 0.16587677725118485
0 0.20026350461133072 0.9028436018957346 0.057971014492753624 0.08056872037914692
0 0.09288537549407115 0.7914691943127963 0.06719367588932806 0.1042654028436019
0 0.3227931488801054 0.9206161137440759 0.07905138339920949 0.14454976303317538
0 0.8168642951251647 0.9632701421800949 0.06851119894598155 0.06872037914691943
0 0.4723320158102767 0.8992890995260664 0.12779973649538867 0.19194312796208532
0 0.6067193675889329 0.3187203791469195 0.06982872200263505 0.05450236966824645
0 0.0935441370223979 0.06516587677725119 0.06587615283267458 0.0971563981042654
0 0.976943346508564 0.8530805687203792 0.048748353096179184 0.29857819905213273
