0 0.41015625 0.73046875 0.255859375 0.11197916666666666
0 0.5771484375 0.642578125 0.12109375 0.08984375
0 0.64697265625 0.8483072916666666 0.1416015625 0.15234375
0 0.7255859375 0.5234375 0.09765625 0.04427083333333333
0 0.54833984375 0.5755208333333333 0.1064453125 0.0625
0 0.42724609375 0.6139322916666666 0.1064453125 0.06380208333333333
0 0.42138671875 0.5104166666666666 0.0986328125 0.03645833333333333
0 0.5205078125 0.4368489583333333 0.078125 0.03255208333333333
0 0.6201171875 0.4856770833333333 0.154296875 0.05208333333333333
0 0.0810546875 0.66015625 0.15625 0.08854166666666666
0 0.1337890625 0.5813802083333333 0.103515625 0.04296875
0 0.17919921875 0.5384114583333333 0.1123046875 0.037760416666666664
0 0.24609375 0.4739583333333333 0.0859375 0.03645833333333333
0 0.3056640625 0.439453125 0.078125 0.03255208333333333
0 0.841796875 0.3450520833333333 0.1171875 0.0703125
0 0.609375 0.34244791666666663 0.05078125 0.015625
0 0.361328125 0.376953125 0.068359375 0.016927083333333332
0 0.26611328125 0.404296875 0.1240234375 0.024739583333333332
0 0.513671875 0.39127604166666663 0.068359375 0.03255208333333333
0 0.54736328125 0.3411458333333333 0.0634765625 0.0234375
0 0.93994140625 0.4817708333333333 0.1181640625 0.19270833333333331
0 0.505859375 0.328125 0.05859375 0.018229166666666664
1 0.3603515625 0.7220052083333333 0.716796875 0.55078125
1 0.43505859375 0.40625 0.5693359375 0.08072916666666666
1 0.8583984375 0.4270833333333333 0.27734375 0.3515625
1 0.54345703125 0.32877604166666663 0.3525390625 0.06901041666666666
