0 0.6337890625 0.7721238938053098 0.06640625 0.045722713864306784
0 0.69482421875 0.8244837758112095 0.0966796875 0.06784660766961652
0 0.77734375 0.7662241887905604 0.0390625 0.03687315634218289
0 0.80322265625 0.967551622418879 0.0810546875 0.05604719764011799
0 0.6640625 0.9233038348082596 0.05078125 0.035398230088495575
0 0.71533203125 0.918141592920354 0.0322265625 0.045722713864306784
0 0.6923828125 0.967551622418879 0.044921875 0.038348082595870206
0 0.54541015625 0.7389380530973452 0.0712890625 0.04129793510324484
0 0.68310546875 0.6644542772861357 0.0947265625 0.03392330383480826
0 0.71240234375 0.6231563421828908 0.0498046875 0.03392330383480826
0 0.455078125 0.6017699115044248 0.02734375 0.032448377581120944
0 0.4541015625 0.799410029498525 0.046875 0.038348082595870206
0 0.44140625 0.8768436578171092 0.080078125 0.04277286135693215
0 0.53076171875 0.8716814159292036 0.0517578125 0.05604719764011799
0 0.53955078125 0.8163716814159292 0.0380859375 0.03687315634218289
0 0.23681640625 0.8495575221238938 0.0693359375 0.038348082595870206
0 0.19189453125 0.9387905604719764 0.0498046875 0.048672566371681415
0 0.24853515625 0.7418879056047197 0.0556640625 0.0471976401179941
0 0.27001953125 0.6836283185840708 0.0341796875 0.030973451327433628
0 0.33984375 0.6032448377581121 0.0390625 0.04424778761061947
0 0.62353515625 0.5390855457227138 0.0458984375 0.048672566371681415
0 0.5517578125 0.49041297935103245 0.037109375 0.025073746312684365
0 0.3896484375 0.3687315634218289 0.025390625 0.017699115044247787
0 0.29833984375 0.5058997050147492 0.0341796875 0.04129793510324484
1 0.51513671875 0.8193215339233039 0.9638671875 0.3525073746312684
1 0.52734375 0.5427728613569321 0.61328125 0.19469026548672566
1 0.48583984375 0.3886430678466077 0.3017578125 0.11061946902654868
