0 0.8753731343283582 0.5764966740576497 0.1 0.07095343680709534
0 0.8216417910447761 0.4035476718403548 0.1 0.07982261640798226
0 0.2962686567164179 0.6053215077605322 0.2671641791044776 0.1419068736141907
0 0.5059701492537313 0.5232815964523282 0.09253731343283582 0.08425720620842572
0 0.5843283582089552 0.43458980044345896 0.08507462686567165 0.057649667405764965
0 0.40373134328358207 0.4556541019955654 0.16567164179104477 0.10421286031042129
0 0.17537313432835822 0.5 0.25223880597014925 0.10421286031042129
0 0.2798507462686567 0.3713968957871397 0.12686567164179105 0.14412416851441243
0 0.4164179104477612 0.34478935698447893 0.08656716417910448 0.04656319290465632
0 0.5104477611940299 0.35033259423503327 0.08358208955223881 0.044345898004434586
0 0.8044776119402985 0.27827050997782704 0.0746268656716418 0.037694013303769404
0 0.24029850746268658 0.25277161862527714 0.11641791044776119 0.06651884700665188
0 0.6947761194029851 0.5543237250554324 0.19552238805970149 0.13747228381374724
0 0.7582089552238807 0.8470066518847007 0.46567164179104475 0.28824833702882485
1 0.5029850746268657 0.5842572062084257 0.991044776119403 0.8181818181818182
