0 0.630625 0.39583333333333337 0.13875 0.115
0 0.8512500000000001 0.5208333333333334 0.19 0.11833333333333335
0 0.859375 0.645 0.19875 0.09666666666666668
0 0.775625 0.8066666666666668 0.21125 0.18000000000000002
0 0.4375 0.5283333333333333 0.295 0.2
0 0.13375 0.8325 0.1925 0.19166666666666668
0 0.3925 0.17416666666666666 0.10250000000000001 0.065
0 0.665 0.2791666666666667 0.1375 0.065
0 0.878125 0.14583333333333334 0.06375 0.03166666666666667
0 0.2475 0.12000000000000001 0.0925 0.04
0 0.10187500000000001 0.04583333333333334 0.05375 0.03833333333333334
0 0.5475 0.07416666666666667 0.09 0.028333333333333335
0 0.66 0.1 0.08750000000000001 0.03666666666666667
0 0.586875 0.13416666666666668 0.09125 0.035
0 0.58125 0.20333333333333334 0.14250000000000002 0.05666666666666667
0 0.7225 0.19 0.065 0.043333333333333335
0 0.775625 0.15583333333333335 0.06625 0.045000000000000005
0 0.308125 0.06833333333333334 0.06375 0.03666666666666667
0 0.43062500000000004 0.1 0.10375000000000001 0.04
0 0.379375 0.04 0.058750000000000004 0.02666666666666667
0 0.31875000000000003 0.0325 0.0475 0.018333333333333333
0 0.20625000000000002 0.08083333333333334 0.07 0.035
1 0.50125 0.5 0.995 0.9933333333333334
