0 0.673 0.7826666666666666 0.138 0.096
0 0.843 0.714 0.11 0.08133333333333333
0 0.9355 0.6573333333333333 0.121 0.09866666666666667
0 0.5935 0.6046666666666667 0.085 0.06
0 0.5375 0.6706666666666666 0.049 0.029333333333333333
0 0.5225 0.7113333333333333 0.057 0.04133333333333333
0 0.4455 0.7026666666666667 0.051000000000000004 0.04533333333333333
0 0.2435 0.7246666666666667 0.091 0.092
0 0.3685 0.6013333333333333 0.061 0.04533333333333333
0 0.3345 0.6746666666666666 0.043000000000000003 0.058666666666666666
0 0.3865 0.6646666666666666 0.043000000000000003 0.05466666666666666
0 0.4495 0.6526666666666666 0.063 0.06533333333333333
0 0.5195 0.6286666666666666 0.055 0.044
0 0.596 0.538 0.084 0.052
0 0.7035 0.578 0.093 0.04933333333333333
0 0.8255 0.5653333333333334 0.095 0.050666666666666665
0 0.511 0.48933333333333334 0.076 0.050666666666666665
0 0.5640000000000001 0.43666666666666665 0.058 0.03333333333333333
0 0.21 0.8226666666666667 0.40800000000000003 0.344
0 0.306 0.42733333333333334 0.354 0.15066666666666667
1 0.7085 0.9159999999999999 0.577 0.15733333333333333
1 0.2015 0.582 0.263 0.11333333333333333
