0 0.8287878787878787 0.6659090909090909 0.09090909090909091 0.06363636363636363
0 0.9159090909090909 0.5965909090909091 0.08333333333333333 0.05227272727272727
0 0.6136363636363636 0.8306818181818182 0.21515151515151515 0.22954545454545452
0 0.6863636363636364 0.6806818181818182 0.11515151515151516 0.08409090909090909
0 0.9098484848484848 0.821590909090909 0.16818181818181818 0.12954545454545455
0 0.9522727272727273 0.95 0.09242424242424242 0.09090909090909091
0 0.42424242424242425 0.8977272727272727 0.1393939393939394 0.10909090909090909
0 0.4 0.7943181818181818 0.07272727272727272 0.06136363636363636
0 0.37424242424242427 0.7204545454545455 0.05454545454545454 0.045454545454545456
0 0.4446969696969697 0.6659090909090909 0.19545454545454546 0.05454545454545454
0 0.3068181818181818 0.7181818181818181 0.05909090909090909 0.049999999999999996
0 0.06212121212121212 0.7909090909090909 0.07272727272727272 0.07727272727272727
1 0.6356060606060606 0.8090909090909091 0.7257575757575757 0.36818181818181817
1 0.8333333333333334 0.5386363636363636 0.3242424242424242 0.16818181818181818
1 0.055303030303030305 0.7852272727272727 0.10757575757575757 0.4159090909090909
