0 0.526829268292683 0.6164179104477612 0.2146341463414634 0.17611940298507464
0 0.37317073170731707 0.8373134328358209 0.14796747967479676 0.20597014925373133
0 0.7560975609756098 0.9432835820895522 0.16260162601626016 0.0955223880597015
0 0.46504065040650405 0.9626865671641791 0.1886178861788618 0.06865671641791045
0 0.275609756097561 0.4880597014925373 0.1967479674796748 0.1582089552238806
0 0.43089430894308944 0.4388059701492537 0.0910569105691057 0.11343283582089553
0 0.2926829268292683 0.35074626865671643 0.06504065040650406 0.0626865671641791
0 0.18699186991869918 0.35074626865671643 0.0943089430894309 0.09850746268656717
0 0.17154471544715447 0.2865671641791045 0.05040650406504065 0.05970149253731343
0 0.07967479674796749 0.3164179104477612 0.1073170731707317 0.08358208955223881
0 0.24308943089430896 0.21044776119402986 0.04715447154471545 0.04477611940298507
0 0.25203252032520324 0.2671641791044776 0.061788617886178863 0.05074626865671642
0 0.37317073170731707 0.27164179104477615 0.14146341463414633 0.08955223880597014
0 0.3121951219512195 0.21044776119402986 0.04878048780487805 0.056716417910447764
0 0.18130081300813009 0.14477611940298507 0.06341463414634146 0.03880597014925373
0 0.36585365853658536 0.1253731343283582 0.04878048780487805 0.05373134328358209
0 0.7723577235772358 0.3522388059701493 0.0943089430894309 0.06567164179104477
0 0.9780487804878049 0.3582089552238806 0.04715447154471545 0.08955223880597014
0 0.8130081300813008 0.27611940298507465 0.05203252032520325 0.05074626865671642
0 0.7747967479674797 0.15223880597014924 0.07967479674796749 0.05373134328358209
0 0.7219512195121951 0.2417910447761194 0.08130081300813008 0.04776119402985075
1 0.5032520325203252 0.5 0.9902439024390244 0.9880597014925373
