0 0.47526041666666663 0.1728515625 0.057291666666666664 0.0185546875
0 0.44921875 0.220458984375 0.03515625 0.02099609375
0 0.5009765625 0.247314453125 0.09440104166666666 0.01513671875
0 0.6057942708333333 0.350341796875 0.037109375 0.02978515625
0 0.6119791666666666 0.3779296875 0.053385416666666664 0.0185546875
0 0.3538411458333333 0.442626953125 0.14127604166666666 0.02587890625
0 0.5309244791666666 0.1533203125 0.059244791666666664 0.0126953125
0 0.5823567708333333 0.16259765625 0.025390625 0.0166015625
0 0.59375 0.198974609375 0.03255208333333333 0.01904296875
0 0.658203125 0.207763671875 0.024739583333333332 0.00634765625
0 0.68359375 0.2138671875 0.018229166666666664 0.0078125
0 0.7535807291666666 0.125732421875 0.018880208333333332 0.00927734375
0 0.5113932291666666 0.084228515625 0.035807291666666664 0.01025390625
1 0.5026041666666666 0.29296875 0.41666666666666663 0.3271484375
