0 0.42230695900857956 0.7002861230329042 0.2612011439466158 0.09298998569384835
0 0.6448999046711154 0.7911301859799714 0.18398474737845566 0.13447782546494993
0 0.7683508102955195 0.9177396280400573 0.18684461391801716 0.1072961373390558
0 0.1263107721639657 0.5929899856938483 0.14966634890371783 0.07296137339055794
0 0.10343183984747378 0.5042918454935622 0.1992373689227836 0.08726752503576538
0 0.2102001906577693 0.871244635193133 0.41086749285033364 0.24892703862660945
1 0.16920877025738798 0.32260371959942774 0.334604385128694 0.0586552217453505
1 0.10390848427073403 0.6752503576537912 0.2001906577693041 0.6466380543633763
1 0.602001906577693 0.8161659513590844 0.7883698760724499 0.36194563662374823
1 0.9156339370829361 0.5135908440629471 0.16682554814108674 0.234620886981402
