1 0.5011583011583012 0.4994068801897984 0.9961389961389961 0.9845788849347569
0 0.47104247104247104 0.6571767497034401 0.23474903474903475 0.16844602609727166
0 0.7019305019305019 0.4661921708185054 0.09420849420849421 0.056939501779359435
0 0.24749034749034748 0.83214709371293 0.2030888030888031 0.14590747330960854
0 0.21698841698841698 0.6204033214709371 0.19613899613899613 0.20640569395017794
0 0.44555984555984557 0.50355871886121 0.122007722007722 0.07236061684460261
0 0.6227799227799228 0.3635824436536181 0.16293436293436295 0.0937129300118624
0 0.8250965250965251 0.29359430604982206 0.16447876447876447 0.0771055753262159
0 0.8664092664092664 0.2449584816132859 0.11274131274131274 0.07947805456702255
0 0.7200772200772201 0.2408066429418743 0.12895752895752896 0.06168446026097272
0 0.677992277992278 0.1951364175563464 0.09575289575289575 0.05812574139976276
0 0.4517374517374517 0.2817319098457889 0.12972972972972974 0.05812574139976276
0 0.31583011583011583 0.3416370106761566 0.14671814671814673 0.0711743772241993
0 0.40733590733590735 0.435349940688019 0.14131274131274132 0.0877817319098458
0 0.18764478764478765 0.4193357058125742 0.17915057915057914 0.10794780545670227
0 0.06525096525096526 0.37425860023724794 0.11196911196911197 0.06287069988137604
0 0.07992277992277992 0.31198102016607354 0.09034749034749034 0.04033214709371293
0 0.09613899613899614 0.15776986951364178 0.054826254826254826 0.033214709371293005
0 0.16254826254826255 0.24733096085409254 0.061003861003861 0.02965599051008304
0 0.2714285714285714 0.2704626334519573 0.09652509652509653 0.04982206405693951
0 0.5293436293436293 0.21530249110320288 0.16447876447876447 0.06287069988137604
0 0.5482625482625483 0.14412811387900357 0.06332046332046332 0.02965599051008304
0 0.6606177606177606 0.16548042704626337 0.09961389961389962 0.036773428232502965
0 0.8065637065637066 0.1832740213523132 0.12277992277992278 0.036773428232502965
0 0.9424710424710425 0.15065243179122184 0.08262548262548262 0.033214709371293005
