0 0.6171875 0.665798611111111 0.06640625 0.16493055555555555
0 0.71728515625 0.9756944444444444 0.0615234375 0.041666666666666664
0 0.73779296875 0.4409722222222222 0.0478515625 0.05208333333333333
0 0.27734375 0.5668402777777778 0.130859375 0.21701388888888887
0 0.51171875 0.2647569444444444 0.099609375 0.078125
0 0.54931640625 0.13020833333333331 0.0419921875 0.03819444444444444
0 0.59521484375 0.2144097222222222 0.0791015625 0.07118055555555555
0 0.50048828125 0.868923611111111 0.2294921875 0.2552083333333333
0 0.53076171875 0.4661458333333333 0.1376953125 0.3107638888888889
0 0.39892578125 0.2612847222222222 0.0732421875 0.078125
0 0.25927734375 0.23524305555555555 0.1220703125 0.09895833333333333
0 0.59228515625 0.2803819444444444 0.0517578125 0.06076388888888889
0 0.529296875 0.18055555555555555 0.05078125 0.03819444444444444
1 0.48046875 0.5503472222222222 0.5703125 0.8958333333333333
