0 0.6733333333333333 0.8444444444444444 0.3566666666666667 0.22666666666666666
0 0.8666666666666667 0.41 0.14333333333333334 0.07777777777777778
0 0.7816666666666667 0.43 0.04666666666666667 0.028888888888888888
0 0.7100000000000001 0.35444444444444445 0.1 0.04666666666666667
0 0.6541666666666667 0.4122222222222222 0.10166666666666667 0.04666666666666667
0 0.7316666666666667 0.5255555555555556 0.07 0.03777777777777778
0 0.6091666666666667 0.4677777777777778 0.165 0.07333333333333333
0 0.5741666666666667 0.5433333333333333 0.05166666666666667 0.06
0 0.32833333333333337 0.4955555555555556 0.20333333333333334 0.12444444444444444
0 0.47250000000000003 0.4022222222222222 0.09833333333333334 0.057777777777777775
0 0.5466666666666667 0.36333333333333334 0.06333333333333334 0.042222222222222223
0 0.4316666666666667 0.33555555555555555 0.19666666666666668 0.057777777777777775
0 0.21833333333333335 0.3322222222222222 0.1 0.042222222222222223
0 0.1675 0.4211111111111111 0.07833333333333334 0.042222222222222223
0 0.2816666666666667 0.27 0.060000000000000005 0.024444444444444446
0 0.3741666666666667 0.2733333333333333 0.06166666666666667 0.04
0 0.5208333333333334 0.19111111111111112 0.08166666666666667 0.044444444444444446
1 0.4991666666666667 0.62 0.9916666666666667 0.76
