0 0.5202265372168285 0.848780487804878 0.09223300970873786 0.08292682926829269
0 0.6966019417475728 0.8585365853658536 0.127831715210356 0.15121951219512195
0 0.6165048543689321 0.5768292682926829 0.08090614886731393 0.07073170731707316
0 0.36893203883495146 0.49390243902439024 0.06472491909385114 0.05609756097560976
0 0.4368932038834952 0.7170731707317073 0.15857605177993528 0.08292682926829269
0 0.30906148867313915 0.801219512195122 0.11003236245954694 0.06097560975609756
0 0.3551779935275081 0.3426829268292683 0.0372168284789644 0.046341463414634146
0 0.5177993527508091 0.4146341463414634 0.05825242718446602 0.058536585365853655
1 0.35436893203883496 0.6390243902439025 0.4595469255663431 0.6878048780487804
1 0.7896440129449839 0.7463414634146341 0.4110032362459547 0.48292682926829267
