1 0.5 0.6645496535796767 0.9962240402769038 0.6662817551963048
1 0.3983637507866583 0.24942263279445728 0.4707363121460038 0.16628175519630484
0 0.814348646947766 0.6945727482678984 0.10195091252359975 0.11662817551963048
0 0.8791692888609188 0.9128175519630485 0.22278162366268095 0.1697459584295612
0 0.9738829452485841 0.6483833718244804 0.04216488357457521 0.05889145496535797
0 0.6167400881057269 0.7627020785219399 0.14977973568281938 0.174364896073903
0 0.7180616740088106 0.5311778290993071 0.10195091252359975 0.08775981524249422
0 0.6718061674008811 0.4151270207852194 0.059786028949024544 0.07043879907621246
0 0.6412838263058528 0.3579676674364896 0.06419131529263689 0.04387990762124711
0 0.5673379483952171 0.5225173210161663 0.09125235997482695 0.07043879907621246
0 0.5456261799874135 0.46131639722863743 0.09188168659534299 0.049653579676674366
0 0.6123348017621146 0.4151270207852194 0.06670862177470108 0.04041570438799076
0 0.499685336689742 0.38683602771362585 0.10572687224669604 0.053117782909930716
0 0.49370673379483954 0.6056581986143187 0.08747640025173066 0.05889145496535797
0 0.31718061674008813 0.8158198614318707 0.18753933291378228 0.36143187066974597
0 0.3665827564505979 0.5415704387990762 0.15166771554436753 0.12240184757505773
0 0.37130270610446825 0.3978060046189376 0.12334801762114539 0.09353348729792148
0 0.08747640025173066 0.7020785219399538 0.15607300188797987 0.17090069284064666
0 0.43580868470736317 0.28579676674364896 0.034612964128382634 0.024249422632794455
0 0.5169918187539333 0.3071593533487298 0.06356198867212083 0.03695150115473441
0 0.5336689741976086 0.33429561200923785 0.045311516677155446 0.028868360277136258
0 0.3719320327249843 0.2979214780600462 0.045311516677155446 0.03695150115473441
0 0.31088735053492766 0.3008083140877598 0.03650094398993078 0.024249422632794455
0 0.26117054751415986 0.4387990762124711 0.06922592825676527 0.04849884526558891
0 0.4921334172435494 0.27713625866050806 0.03272498426683449 0.013856812933025403
0 0.4949653870358717 0.21535796766743648 0.03209565764631844 0.026558891454965358
