0 0.48179871520342615 0.8767676767676768 0.41113490364025695 0.23030303030303031
0 0.3019271948608137 0.6676767676767676 0.278372591006424 0.13535353535353536
0 0.4593147751605996 0.5181818181818182 0.1605995717344754 0.09494949494949495
0 0.6413276231263384 0.37373737373737376 0.07494646680942185 0.07272727272727272
0 0.2751605995717345 0.45151515151515154 0.14775160599571735 0.0707070707070707
0 0.24411134903640258 0.3838383838383838 0.3083511777301927 0.05656565656565657
0 0.7955032119914347 0.25555555555555554 0.16488222698072805 0.07878787878787878
0 0.5385438972162742 0.2505050505050505 0.11349036402569594 0.052525252525252523
0 0.3683083511777302 0.24141414141414141 0.13704496788008566 0.050505050505050504
0 0.36402569593147754 0.18181818181818182 0.08565310492505354 0.03232323232323232
0 0.6520342612419701 0.10404040404040404 0.07066381156316917 0.03434343434343434
0 0.7184154175588866 0.1707070707070707 0.11777301927194861 0.05858585858585859
0 0.5610278372591007 0.1717171717171717 0.06852248394004283 0.0808080808080808
1 0.45610278372591007 0.5353535353535354 0.8608137044967881 0.9252525252525252
1 0.9421841541755889 0.6565656565656566 0.10278372591006424 0.6787878787878788
