0 0.8230000000000001 0.7586666666666666 0.188 0.17333333333333334
0 0.8985 0.5633333333333334 0.093 0.05466666666666666
0 0.8635 0.6 0.055 0.03733333333333333
0 0.834 0.5013333333333333 0.17 0.08533333333333333
0 0.73 0.44866666666666666 0.08600000000000001 0.04133333333333333
0 0.2095 0.41 0.059000000000000004 0.030666666666666665
0 0.372 0.4706666666666667 0.058 0.03733333333333333
0 0.426 0.358 0.078 0.030666666666666665
0 0.164 0.3333333333333333 0.052000000000000005 0.034666666666666665
0 0.2585 0.3193333333333333 0.065 0.036
0 0.3405 0.3506666666666667 0.041 0.029333333333333333
1 0.20700000000000002 0.6633333333333333 0.402 0.6706666666666666
1 0.5825 0.6886666666666666 0.34900000000000003 0.62
1 0.855 0.7186666666666667 0.198 0.5573333333333333
1 0.2485 0.27266666666666667 0.289 0.11066666666666666
