0 0.7473763118440779 0.34388646288209607 0.136431784107946 0.08951965065502183
0 0.8178410794602698 0.3034934497816594 0.034482758620689655 0.034934497816593885
0 0.8058470764617691 0.26419213973799127 0.031484257871064465 0.03056768558951965
0 0.8298350824587706 0.23471615720524017 0.04047976011994003 0.037117903930131
0 0.8958020989505248 0.23253275109170304 0.07646176911544228 0.03275109170305677
0 0.8808095952023988 0.2718340611353712 0.06446776611694152 0.03275109170305677
0 0.9377811094452774 0.3864628820960698 0.11544227886056971 0.19213973799126638
0 0.820839580209895 0.7019650655021834 0.35532233883058467 0.41266375545851525
0 0.6656671664167916 0.9279475982532751 0.17991004497751123 0.148471615720524
0 0.4422788605697151 0.6659388646288209 0.3238380809595202 0.296943231441048
0 0.5712143928035982 0.40502183406113534 0.08095952023988005 0.08078602620087336
0 0.46026986506746626 0.4028384279475982 0.08095952023988005 0.05458515283842794
0 0.48950524737631185 0.3286026200873362 0.06746626686656672 0.04148471615720524
0 0.48575712143928035 0.2707423580786026 0.050974512743628186 0.048034934497816595
0 0.37181409295352325 0.3264192139737991 0.05997001499250375 0.06331877729257641
0 0.2616191904047976 0.3504366812227074 0.06146926536731634 0.06768558951965065
0 0.2563718140929535 0.5021834061135371 0.08095952023988005 0.07860262008733623
0 0.08995502248875561 0.5524017467248908 0.1619190404797601 0.17467248908296942
0 0.07346326836581708 0.8700873362445415 0.14392803598200898 0.25109170305676853
0 0.14917541229385306 0.3875545851528384 0.07946026986506746 0.07205240174672489
0 0.04497751124437781 0.36244541484716153 0.08095952023988005 0.05676855895196506
0 0.02848575712143928 0.30131004366812225 0.050974512743628186 0.03930131004366812
0 0.17391304347826086 0.24017467248908295 0.07196401799100449 0.026200873362445413
0 0.4422788605697151 0.23799126637554585 0.06596701649175413 0.05240174672489083
0 0.6671664167916042 0.24781659388646288 0.23088455772113942 0.08951965065502183
0 0.2691154422788606 0.28820960698689957 0.06446776611694152 0.03056768558951965
0 0.1619190404797601 0.2096069868995633 0.07796101949025487 0.026200873362445413
0 0.5299850074962519 0.19213973799126638 0.12443778110944527 0.05240174672489083
0 0.6379310344827586 0.1593886462882096 0.11544227886056971 0.03930131004366812
0 0.7301349325337331 0.18013100436681223 0.07796101949025487 0.04148471615720524
0 0.8553223388305847 0.17685589519650655 0.13343328335832083 0.06550218340611354
1 0.7661169415292354 0.5262008733624454 0.46176911544227883 0.9432314410480349
1 0.47826086956521735 0.5589519650655022 0.11394302848575712 0.8820960698689956
1 0.2151424287856072 0.6462882096069869 0.41529235382308843 0.7117903930131004
