0 0.660069848661234 0.8177304964539007 0.29103608847497087 0.20283687943262413
0 0.08265424912689173 0.7602836879432625 0.12572759022118743 0.13617021276595745
0 0.30267753201396974 0.5936170212765958 0.05820721769499418 0.04113475177304965
0 0.6449359720605355 0.5028368794326241 0.22817229336437717 0.12056737588652483
0 0.7578579743888242 0.39078014184397164 0.18160651920838183 0.0723404255319149
0 0.44412107101280557 0.4184397163120568 0.12922002328288706 0.05106382978723405
0 0.3358556461001164 0.3758865248226951 0.06169965075669383 0.05390070921985816
0 0.389406286379511 0.32836879432624116 0.09662398137369034 0.04397163120567376
0 0.44935972060535506 0.3709219858156029 0.09778812572759021 0.052482269503546106
0 0.5372526193247963 0.31631205673758866 0.0849825378346915 0.04539007092198582
0 0.7799767171129219 0.3198581560283688 0.13969732246798602 0.055319148936170216
0 0.7136204889406286 0.21843971631205675 0.06752037252619325 0.03687943262411348
0 0.6455180442374855 0.3120567375886525 0.06868451688009312 0.04539007092198582
0 0.6338766006984866 0.36099290780141846 0.16647264260768335 0.060992907801418444
0 0.45168800931315484 0.27588652482269505 0.07217694994179279 0.03546099290780142
0 0.5064027939464494 0.23617021276595745 0.08381839348079162 0.03262411347517731
0 0.649592549476135 0.26028368794326245 0.10244470314318975 0.024113475177304965
0 0.6979045401629802 0.2872340425531915 0.09429569266589057 0.03546099290780142
