0 0.5786458333333333 0.48828125 0.078125 0.045312500000000006
0 0.7411458333333333 0.415625 0.14895833333333333 0.043750000000000004
0 0.5395833333333333 0.43359375 0.08333333333333333 0.0421875
0 0.45416666666666666 0.45703125 0.07708333333333334 0.045312500000000006
0 0.9119791666666667 0.80859375 0.17604166666666665 0.2578125
0 0.7182291666666667 0.9109375000000001 0.103125 0.08750000000000001
0 0.9416666666666667 0.43828125 0.10416666666666667 0.0421875
0 0.26458333333333334 0.37265625 0.1375 0.0671875
0 0.284375 0.50625 0.23124999999999998 0.115625
0 0.4145833333333333 0.5875 0.22291666666666665 0.109375
0 0.7869791666666667 0.5796875 0.3989583333333333 0.134375
0 0.08489583333333334 0.87265625 0.16979166666666667 0.22968750000000002
0 0.5192708333333333 0.765625 0.47812499999999997 0.19375
0 0.29791666666666666 0.93359375 0.21666666666666667 0.1234375
0 0.7135416666666666 0.3640625 0.22708333333333333 0.05625
0 0.5145833333333333 0.3828125 0.19166666666666665 0.084375
0 0.07239583333333333 0.4109375 0.042708333333333334 0.037500000000000006
0 0.159375 0.43281250000000004 0.10416666666666667 0.053125000000000006
0 0.024479166666666666 0.47187500000000004 0.036458333333333336 0.059375000000000004
0 0.10989583333333333 0.5015625 0.11562499999999999 0.043750000000000004
1 0.5020833333333333 0.6234375000000001 0.9916666666666667 0.74375
