0 0.59296875 0.7229166666666667 0.0625 0.10416666666666667
0 0.6140625000000001 0.5041666666666667 0.07187500000000001 0.05555555555555556
0 0.681640625 0.3215277777777778 0.05390625 0.04583333333333334
0 0.5242187500000001 0.28055555555555556 0.0578125 0.061111111111111116
0 0.46601562500000004 0.46875 0.11953125 0.07916666666666666
0 0.19765625 0.6055555555555556 0.18281250000000002 0.16944444444444445
0 0.302734375 0.3861111111111111 0.17265625 0.11111111111111112
0 0.490234375 0.3625 0.08984375 0.06666666666666667
0 0.6785156250000001 0.41458333333333336 0.27734375 0.09861111111111112
1 0.6203125 0.6298611111111111 0.753125 0.7319444444444445
1 0.16132812500000002 0.6638888888888889 0.16796875 0.6666666666666667
1 0.040625 0.7298611111111112 0.0734375 0.5430555555555556
