1 0.5041666666666667 0.7275 0.9883333333333334 0.54
1 0.3725 0.375 0.48833333333333334 0.155
0 0.5933333333333334 0.56875 0.11333333333333334 0.0575
0 0.5141666666666667 0.6587500000000001 0.08833333333333333 0.0625
0 0.4316666666666667 0.5225 0.1 0.045
0 0.9500000000000001 0.8300000000000001 0.08333333333333334 0.08
0 0.8641666666666667 0.5525 0.03833333333333334 0.055
0 0.31833333333333336 0.535 0.043333333333333335 0.055
0 0.1991666666666667 0.585 0.04166666666666667 0.03
0 0.12250000000000001 0.53125 0.058333333333333334 0.0375
0 0.10500000000000001 0.86 0.19333333333333336 0.23500000000000001
0 0.44583333333333336 0.40375 0.07166666666666667 0.0325
