1 0.5 0.6460396039603961 0.9938176197836167 0.7079207920792079
0 0.3176197836166924 0.7351485148514851 0.22102009273570325 0.13366336633663367
0 0.3624420401854714 0.8972772277227723 0.20556414219474498 0.09653465346534654
0 0.1437403400309119 0.905940594059406 0.1267387944358578 0.1188118811881188
0 0.13137557959814528 0.6051980198019802 0.07109737248840804 0.05693069306930693
0 0.05409582689335394 0.6051980198019802 0.061823802163833076 0.07673267326732673
0 0.25270479134466767 0.594059405940594 0.11282843894899536 0.06435643564356436
0 0.38871715610510044 0.5792079207920792 0.1437403400309119 0.06435643564356436
0 0.5293663060278208 0.5495049504950495 0.10973724884080371 0.07425742574257425
0 0.5278207109737248 0.6522277227722773 0.1561051004636785 0.06188118811881188
0 0.5718701700154559 0.806930693069307 0.25656877897990726 0.18316831683168316
0 0.660741885625966 0.7202970297029703 0.0633693972179289 0.07425742574257425
0 0.6792890262751159 0.5829207920792079 0.05100463678516229 0.04207920792079208
0 0.8670788253477588 0.44554455445544555 0.18238021638330756 0.08415841584158416
0 0.7279752704791345 0.6163366336633663 0.09582689335394126 0.054455445544554455
