0 0.4928571428571429 0.8371824480369515 0.3077922077922078 0.3071593533487298
0 0.6603896103896104 0.651270207852194 0.2584415584415584 0.2863741339491917
0 0.9545454545454546 0.6131639722863741 0.09350649350649351 0.10854503464203233
0 0.9506493506493506 0.9076212471131639 0.09090909090909091 0.17551963048498845
0 0.0512987012987013 0.7598152424942263 0.1 0.22632794457274827
0 0.04155844155844156 0.5069284064665127 0.07012987012987013 0.09006928406466512
1 0.5012987012987012 0.7806004618937644 0.9974025974025974 0.4434180138568129
1 0.4928571428571429 0.5023094688221709 0.6064935064935065 0.11316397228637413
1 0.6253246753246753 0.3729792147806005 0.35714285714285715 0.14549653579676675
1 0.04155844155844156 0.43071593533487296 0.08311688311688312 0.2517321016166282
