0 0.656551724137931 0.8088888888888889 0.3448275862068965 0.36
0 0.8944827586206896 0.6344444444444445 0.08137931034482758 0.11777777777777777
0 0.7620689655172413 0.6022222222222222 0.08413793103448275 0.12
0 0.7289655172413793 0.4777777777777778 0.09517241379310344 0.08888888888888889
0 0.906206896551724 0.5155555555555555 0.07172413793103448 0.08444444444444445
0 0.5889655172413792 0.3566666666666667 0.10206896551724137 0.08222222222222222
0 0.649655172413793 0.5233333333333333 0.09655172413793103 0.11333333333333333
0 0.556551724137931 0.4411111111111111 0.12275862068965517 0.10444444444444445
0 0.4862068965517241 0.28888888888888886 0.09517241379310344 0.057777777777777775
0 0.6089655172413793 0.2611111111111111 0.12551724137931033 0.09111111111111111
0 0.3641379310344827 0.2588888888888889 0.10206896551724137 0.08666666666666667
0 0.3020689655172414 0.5911111111111111 0.3475862068965517 0.3288888888888889
1 0.5179310344827586 0.5744444444444444 0.9586206896551723 0.8377777777777777
