0 0.25115384615384617 0.5663531870428423 0.1346153846153846 0.12957157784743992
0 0.40115384615384614 0.5428422152560084 0.045384615384615384 0.04493207941483804
0 0.7138461538461538 0.6912225705329155 0.14 0.10553814002089865
0 0.8430769230769231 0.7037617554858935 0.07538461538461538 0.05538140020898642
0 0.8419230769230769 0.7972831765935215 0.11307692307692307 0.10031347962382446
0 0.7896153846153846 0.5632183908045978 0.20692307692307693 0.1065830721003135
0 0.19692307692307692 0.4582027168234065 0.10307692307692308 0.07001044932079416
0 0.7303846153846154 0.40595611285266464 0.06538461538461539 0.026123301985370953
0 0.5384615384615384 0.3474399164054337 0.05076923076923077 0.030303030303030307
1 0.49884615384615383 0.6118077324973877 0.9961538461538462 0.5841170323928945
1 0.1926923076923077 0.2664576802507837 0.3823076923076923 0.1065830721003135
