0 0.6333333333333333 0.3037037037037037 0.09444444444444444 0.05185185185185186
0 0.8166666666666667 0.32592592592592595 0.07777777777777778 0.05925925925925926
0 0.9458333333333334 0.3351851851851852 0.06944444444444445 0.03333333333333333
0 0.8569444444444445 0.44074074074074077 0.18611111111111112 0.08148148148148149
0 0.8388888888888889 0.5370370370370371 0.07222222222222223 0.05925925925925926
0 0.7847222222222222 0.5981481481481482 0.10277777777777779 0.06296296296296297
0 0.5819444444444445 0.5555555555555556 0.036111111111111115 0.02962962962962963
0 0.9444444444444445 0.5648148148148149 0.08888888888888889 0.06296296296296297
0 0.7791666666666667 0.25 0.09166666666666667 0.040740740740740744
0 0.4236111111111111 0.7166666666666667 0.7305555555555556 0.24074074074074076
1 0.5055555555555555 0.7462962962962963 0.9777777777777779 0.49259259259259264
1 0.7875 0.3592592592592593 0.4083333333333333 0.2814814814814815
