0 0.29583333333333334 0.753125 0.32916666666666666 0.30625
0 0.825 0.734375 0.2125 0.15000000000000002
0 0.8614583333333333 0.53125 0.11875 0.07500000000000001
0 0.8510416666666667 0.478125 0.06875 0.05
0 0.9333333333333333 0.4734375 0.125 0.084375
0 0.73125 0.37343750000000003 0.2125 0.096875
0 0.33125 0.5 0.125 0.08125
0 0.4979166666666667 0.4609375 0.3833333333333333 0.140625
0 0.559375 0.9609375 0.3770833333333333 0.078125
0 0.4583333333333333 0.3296875 0.325 0.07187500000000001
1 0.496875 0.6828125 0.9895833333333334 0.609375
1 0.47812499999999997 0.30312500000000003 0.5395833333333333 0.15625
1 0.8729166666666667 0.328125 0.24583333333333332 0.09375
