0 0.34423076923076923 0.6560364464692483 0.37564102564102564 0.2870159453302961
0 0.6596153846153846 0.4760820045558086 0.2064102564102564 0.15489749430523916
0 0.8198717948717948 0.8006833712984054 0.33205128205128204 0.33940774487471526
0 0.9096153846153846 0.25284738041002275 0.17051282051282052 0.15489749430523916
0 0.7717948717948718 0.13439635535307518 0.18717948717948718 0.12300683371298404
0 0.5717948717948718 0.19362186788154898 0.2358974358974359 0.14123006833712984
0 0.4307692307692308 0.35193621867881547 0.18974358974358974 0.15261958997722094
0 0.22756410256410256 0.18451025056947606 0.2423076923076923 0.14578587699316628
0 0.22371794871794873 0.05580865603644647 0.21666666666666667 0.08428246013667426
0 0.6884615384615385 0.03530751708428246 0.18974358974358974 0.05694760820045558
1 0.5012820512820513 0.501138952164009 0.9948717948717949 0.9886104783599088
