0 0.20677451971688576 0.8148710166919575 0.10414560161779576 0.07283763277693475
0 0.09959555106167847 0.8345978755690441 0.0839231547017189 0.051593323216995446
0 0.48382204246713856 0.7040971168437026 0.043478260869565216 0.054628224582701064
0 0.5187057633973711 0.6562974203338392 0.04448938321536906 0.03186646433990895
0 0.5621840242669364 0.6206373292867982 0.032355915065722954 0.042488619119878605
0 0.7593528816986855 0.6487101669195752 0.04853387259858443 0.05311077389984826
0 0.7871587462082912 0.6077389984825493 0.05156723963599596 0.03793626707132018
0 0.8832153690596563 0.5918057663125948 0.07583417593528817 0.045523520485584223
0 0.25834175935288173 0.5933232169954477 0.12234580384226491 0.048558421851289835
0 0.10920121334681497 0.6100151745068285 0.08088978766430738 0.03945371775417299
0 0.06572295247724975 0.5834597875569044 0.054600606673407485 0.03793626707132018
0 0.5647118301314459 0.7344461305007588 0.07178968655207281 0.048558421851289835
0 0.6213346814964611 0.6274658573596358 0.07785642062689586 0.06525037936267071
0 0.5298281092012134 0.5257966616084977 0.042467138523761376 0.025796661608497723
0 0.519211324570273 0.48482549317147194 0.041456016177957536 0.03186646433990895
0 0.872598584428716 0.5538694992412747 0.046511627906976744 0.024279210925644917
1 0.5005055611729019 0.7352048558421852 0.9929221435793731 0.5204855842185129
1 0.6592517694641051 0.4317147192716237 0.32962588473205257 0.0834597875569044
