0 0.4646017699115044 0.7493438320209974 0.10619469026548672 0.06036745406824147
0 0.5457227138643068 0.9488188976377953 0.07669616519174041 0.08136482939632546
0 0.5398230088495575 0.8267716535433071 0.07964601769911504 0.05249343832020997
0 0.5582595870206489 0.5997375328083989 0.07227138643067846 0.03937007874015748
0 0.6039823008849557 0.6561679790026247 0.0663716814159292 0.05774278215223097
0 0.6504424778761062 0.7440944881889764 0.07964601769911504 0.09711286089238845
0 0.7094395280235988 0.6916010498687664 0.029498525073746312 0.06036745406824147
0 0.7404129793510325 0.6535433070866141 0.0471976401179941 0.047244094488188976
0 0.7898230088495575 0.60498687664042 0.051622418879056046 0.049868766404199474
0 0.7374631268436578 0.5538057742782152 0.05604719764011799 0.04199475065616798
0 0.6924778761061947 0.5958005249343832 0.11946902654867256 0.05774278215223097
0 0.41224188790560473 0.9186351706036745 0.15191740412979352 0.11023622047244094
0 0.4609144542772861 0.8267716535433071 0.0663716814159292 0.06824146981627296
0 0.13569321533923304 0.968503937007874 0.10029498525073746 0.05249343832020997
0 0.07595870206489676 0.8083989501312336 0.07227138643067846 0.08398950131233596
0 0.09734513274336283 0.6456692913385826 0.05014749262536873 0.04199475065616798
0 0.19690265486725664 0.5669291338582677 0.08112094395280237 0.06299212598425197
0 0.2794985250737463 0.6981627296587927 0.34365781710914456 0.23097112860892388
0 0.46017699115044247 0.589238845144357 0.061946902654867256 0.07086614173228346
1 0.5 0.7112860892388452 0.9911504424778761 0.5774278215223096
0 0.9144542772861357 0.452755905511811 0.05604719764011799 0.05511811023622047
1 0.7072271386430679 0.3989501312335958 0.5707964601769911 0.047244094488188976
