0 0.32611940298507464 0.3943181818181818 0.0791044776119403 0.08409090909090909
0 0.33955223880597013 0.48409090909090907 0.07611940298507462 0.07272727272727272
0 0.45149253731343286 0.5545454545454546 0.11194029850746269 0.09999999999999999
0 0.908955223880597 0.8397727272727272 0.0955223880597015 0.08863636363636364
0 0.8037313432835821 0.9579545454545454 0.08507462686567165 0.08409090909090909
0 0.9029850746268657 0.46704545454545454 0.08059701492537313 0.0659090909090909
0 0.9783582089552239 0.4818181818181818 0.04029850746268657 0.06818181818181818
0 0.7992537313432836 0.29318181818181815 0.06716417910447761 0.06818181818181818
0 0.8992537313432836 0.2875 0.08507462686567165 0.08409090909090909
0 0.9485074626865672 0.20909090909090908 0.0373134328358209 0.049999999999999996
0 0.9119402985074627 0.16136363636363635 0.05970149253731343 0.06363636363636363
0 0.753731343283582 0.075 0.05970149253731343 0.05454545454545454
0 0.6880597014925374 0.20909090909090908 0.08358208955223881 0.07272727272727272
0 0.7873134328358209 0.22499999999999998 0.06716417910447761 0.04090909090909091
0 0.9902985074626866 0.18295454545454545 0.019402985074626865 0.07954545454545454
0 0.18208955223880596 0.6431818181818182 0.06567164179104477 0.05454545454545454
0 0.23656716417910448 0.5863636363636363 0.04328358208955224 0.07727272727272727
0 0.15447761194029852 0.5295454545454545 0.06417910447761194 0.05454545454545454
0 0.18880597014925374 0.46136363636363636 0.08805970149253732 0.07272727272727272
0 0.09477611940298508 0.7488636363636363 0.07313432835820896 0.08863636363636364
0 0.12388059701492538 0.6124999999999999 0.041791044776119404 0.05227272727272727
0 0.06194029850746269 0.5375 0.06716417910447761 0.05227272727272727
0 0.2880597014925373 0.24659090909090908 0.04477611940298507 0.05227272727272727
0 0.382089552238806 0.17727272727272728 0.056716417910447764 0.06818181818181818
0 0.4134328358208955 0.28409090909090906 0.1253731343283582 0.11363636363636363
0 0.5253731343283582 0.19318181818181818 0.1044776119402985 0.09999999999999999
0 0.6186567164179104 0.14431818181818182 0.05522388059701493 0.056818181818181816
0 0.29253731343283584 0.05795454545454545 0.04776119402985075 0.056818181818181816
0 0.23805970149253733 0.10795454545454546 0.0373134328358209 0.038636363636363635
0 0.14328358208955225 0.27954545454545454 0.03880597014925373 0.045454545454545456
0 0.25298507462686565 0.33409090909090905 0.10298507462686567 0.07727272727272727
0 0.11417910447761194 0.3715909090909091 0.04328358208955224 0.056818181818181816
0 0.07238805970149254 0.41818181818181815 0.04626865671641791 0.045454545454545456
0 0.023134328358208955 0.3818181818181818 0.034328358208955224 0.045454545454545456
0 0.041044776119402986 0.4818181818181818 0.07313432835820896 0.07272727272727272
0 0.141044776119403 0.20568181818181816 0.15074626865671642 0.09318181818181817
0 0.13507462686567165 0.09659090909090909 0.04328358208955224 0.05227272727272727
0 0.1537313432835821 0.04090909090909091 0.08059701492537313 0.06818181818181818
0 0.4014925373134328 0.10568181818181818 0.05970149253731343 0.07045454545454545
0 0.48208955223880595 0.05909090909090909 0.0746268656716418 0.07727272727272727
0 0.5955223880597015 0.08636363636363636 0.06865671641791045 0.07272727272727272
0 0.6746268656716418 0.13977272727272727 0.05074626865671642 0.05227272727272727
0 0.7179104477611941 0.019318181818181818 0.07164179104477612 0.029545454545454545
0 0.5582089552238806 0.013636363636363636 0.05373134328358209 0.022727272727272728
0 0.9589552238805971 0.7568181818181818 0.06716417910447761 0.06363636363636363
0 0.26791044776119405 0.8681818181818182 0.10298507462686567 0.09545454545454544
0 0.023880597014925373 0.0625 0.03582089552238806 0.10681818181818181
0 0.4007462686567164 0.02727272727272727 0.05223880597014925 0.049999999999999996
0 0.8850746268656716 0.6590909090909091 0.2208955223880597 0.2863636363636364
0 0.6574626865671642 0.3909090909090909 0.26417910447761195 0.2954545454545454
0 0.8343283582089552 0.07613636363636363 0.05074626865671642 0.056818181818181816
1 0.4992537313432836 0.49886363636363634 0.9925373134328358 0.9886363636363635
