0 0.33083333333333337 0.8224852071005917 0.17500000000000002 0.24260355029585798
0 0.5800000000000001 0.8905325443786982 0.15666666666666668 0.1952662721893491
0 0.7683333333333334 0.8446745562130177 0.12666666666666668 0.14497041420118342
0 0.1366666666666667 0.7026627218934911 0.20333333333333334 0.16272189349112426
0 0.17500000000000002 0.48668639053254437 0.16 0.12130177514792899
0 0.8125 0.4511834319526627 0.12833333333333335 0.09763313609467456
0 0.9625 0.4630177514792899 0.065 0.09763313609467456
0 0.04 0.48224852071005914 0.07333333333333333 0.047337278106508875
0 0.26583333333333337 0.3609467455621302 0.11833333333333335 0.05917159763313609
0 0.09250000000000001 0.34467455621301774 0.12166666666666667 0.038461538461538464
1 0.4991666666666667 0.6494082840236686 0.9916666666666667 0.6893491124260355
