0 0.56875 0.9233716475095785 0.1675 0.13793103448275862
0 0.75375 0.8237547892720306 0.08750000000000001 0.11494252873563218
0 0.9325 0.8524904214559387 0.12 0.20306513409961685
0 0.80625 0.5344827586206896 0.0975 0.09578544061302681
0 0.6625 0.5957854406130267 0.1 0.06513409961685823
0 0.52375 0.6417624521072797 0.1325 0.10344827586206896
0 0.54875 0.5402298850574713 0.0825 0.06130268199233716
0 0.5975 0.48275862068965514 0.085 0.07662835249042145
0 0.3925 0.6398467432950191 0.095 0.07662835249042145
0 0.17875 0.7279693486590038 0.1525 0.10727969348659003
0 0.03625 0.8850574712643677 0.0625 0.12260536398467432
0 0.34500000000000003 0.5517241379310345 0.155 0.06130268199233716
0 0.5075000000000001 0.37164750957854403 0.14 0.053639846743295014
0 0.155 0.33524904214559387 0.09 0.06513409961685823
0 0.34500000000000003 0.2586206896551724 0.08 0.09578544061302681
0 0.6975 0.43103448275862066 0.095 0.06513409961685823
1 0.50375 0.5957854406130267 0.9925 0.8007662835249042
