0 0.645 0.6796875 0.08750000000000001 0.13169642857142858
0 0.730625 0.5323660714285714 0.14125000000000001 0.109375
0 0.7925 0.47879464285714285 0.075 0.06473214285714285
0 0.93625 0.5680803571428571 0.1075 0.10491071428571427
0 0.535625 0.3917410714285714 0.06125 0.06026785714285714
0 0.606875 0.33816964285714285 0.07875 0.046875
0 0.288125 0.6171875 0.24125 0.140625
0 0.229375 0.8292410714285714 0.15375 0.140625
0 0.404375 0.7578125 0.07875 0.06026785714285714
0 0.4225 0.8359375 0.08750000000000001 0.078125
0 0.46375 0.5290178571428571 0.085 0.07142857142857142
0 0.41500000000000004 0.46763392857142855 0.1 0.07366071428571429
0 0.38875 0.4107142857142857 0.075 0.05803571428571428
0 0.2325 0.34598214285714285 0.10250000000000001 0.07589285714285714
0 0.3575 0.3683035714285714 0.08750000000000001 0.04464285714285714
0 0.384375 0.26004464285714285 0.051250000000000004 0.04241071428571428
1 0.501875 0.6919642857142857 0.99625 0.6160714285714285
1 0.420625 0.31138392857142855 0.62375 0.15401785714285712
