0 0.54453125 0.5072916666666667 0.1203125 0.06875
0 0.55078125 0.8916666666666666 0.1265625 0.12083333333333333
0 0.36250000000000004 0.9572916666666667 0.15000000000000002 0.06875
0 0.34375 0.8208333333333333 0.07500000000000001 0.07083333333333333
0 0.36796875 0.7395833333333334 0.09531250000000001 0.07083333333333333
0 0.265625 0.853125 0.0625 0.08125
0 0.24921875000000002 0.7447916666666666 0.0765625 0.07291666666666667
0 0.32421875 0.665625 0.08281250000000001 0.05625
0 0.72421875 0.5604166666666667 0.051562500000000004 0.05
0 0.68125 0.5802083333333333 0.05 0.04375
0 0.815625 0.5708333333333333 0.096875 0.05416666666666667
0 0.94921875 0.5489583333333333 0.08281250000000001 0.07291666666666667
0 0.7625000000000001 0.503125 0.05625 0.03958333333333333
0 0.7117187500000001 0.50625 0.035937500000000004 0.0375
0 0.2765625 0.559375 0.1 0.07291666666666667
0 0.10625000000000001 0.596875 0.1 0.06041666666666667
0 0.18125000000000002 0.4635416666666667 0.07500000000000001 0.052083333333333336
0 0.2921875 0.44895833333333335 0.078125 0.035416666666666666
0 0.51171875 0.37916666666666665 0.0765625 0.058333333333333334
0 0.6625000000000001 0.4510416666666667 0.046875 0.03958333333333333
0 0.71875 0.46041666666666664 0.043750000000000004 0.029166666666666667
0 0.6726562500000001 0.9729166666666667 0.0890625 0.05
0 0.7703125000000001 0.8197916666666667 0.065625 0.04375
0 0.8460937500000001 0.7729166666666667 0.0890625 0.041666666666666664
0 0.030468750000000003 0.5270833333333333 0.045312500000000006 0.04583333333333333
0 0.0765625 0.534375 0.03125 0.022916666666666665
0 0.09296875 0.5 0.0421875 0.020833333333333332
0 0.0703125 0.4635416666666667 0.03125 0.027083333333333334
0 0.030468750000000003 0.4770833333333333 0.0328125 0.020833333333333332
0 0.035937500000000004 0.42604166666666665 0.065625 0.052083333333333336
0 0.12421875 0.37916666666666665 0.045312500000000006 0.058333333333333334
0 0.17734375000000002 0.3489583333333333 0.0390625 0.03125
0 0.1328125 0.31354166666666666 0.03125 0.027083333333333334
0 0.4625 0.32916666666666666 0.05625 0.03333333333333333
0 0.5421875 0.30104166666666665 0.08750000000000001 0.05625
0 0.9890625000000001 0.6583333333333333 0.018750000000000003 0.03333333333333333
0 0.8617187500000001 0.4895833333333333 0.0578125 0.0875
1 0.49765625 0.7104166666666667 0.9953125 0.5666666666666667
1 0.33125000000000004 0.3802083333333333 0.6531250000000001 0.08958333333333333
