1 0.49902248289345064 0.6032210834553441 0.9960899315738025 0.7877013177159591
0 0.6080156402737048 0.48096632503660325 0.21505376344086022 0.08931185944363104
0 0.543010752688172 0.5497803806734993 0.12805474095796676 0.03953147877013177
0 0.3675464320625611 0.5336749633967789 0.18572825024437928 0.06881405563689605
0 0.8993157380254154 0.40483162518301613 0.16617790811339198 0.0629575402635432
0 0.7160312805474096 0.3726207906295754 0.17888563049853373 0.0629575402635432
0 0.9521016617790812 0.4985358711566618 0.08406647116324535 0.1390922401171303
0 0.40615835777126097 0.8718887262079064 0.8064516129032258 0.2562225475841874
0 0.20283479960899314 0.5431918008784773 0.13196480938416422 0.06442166910688141
0 0.22434017595307917 0.6017569546120058 0.03812316715542522 0.032210834553440704
0 0.05913978494623656 0.6830161054172768 0.10459433040078202 0.07759882869692533
0 0.03714565004887586 0.6127379209370425 0.06647116324535679 0.08052708638360176
0 0.4496578690127077 0.4355783308931186 0.1603128054740958 0.07174231332357248
0 0.4696969696969697 0.39751098096632503 0.07331378299120235 0.05124450951683748
0 0.5283479960899315 0.31551976573938506 0.20430107526881722 0.0424597364568082
0 0.10019550342130987 0.5007320644216691 0.07135874877810362 0.032210834553440704
0 0.22043010752688172 0.40263543191800877 0.20821114369501467 0.03806734992679356
0 0.16959921798631475 0.4575402635431918 0.1436950146627566 0.0629575402635432
0 0.38758553274682306 0.36676427525622257 0.05767350928641251 0.021961932650073207
0 0.34457478005865105 0.43191800878477304 0.03616813294232649 0.017569546120058566
