0 0.6508474576271186 0.8742857142857143 0.10169491525423728 0.10285714285714286
0 0.7093220338983051 0.8128571428571428 0.13050847457627118 0.07714285714285714
0 0.7576271186440677 0.7685714285714286 0.06779661016949153 0.06285714285714286
0 0.7618644067796609 0.9257142857142857 0.11016949152542373 0.11428571428571428
0 0.9254237288135593 0.8328571428571429 0.13559322033898305 0.09428571428571429
0 0.5203389830508475 0.8042857142857143 0.0847457627118644 0.09428571428571429
0 0.45 0.8542857142857143 0.09322033898305085 0.07428571428571429
0 0.5296610169491526 0.9242857142857143 0.09661016949152543 0.1
0 0.33220338983050846 0.72 0.06440677966101695 0.06285714285714286
0 0.4186440677966102 0.7614285714285715 0.07796610169491525 0.06571428571428571
0 0.2745762711864407 0.6885714285714286 0.08135593220338982 0.045714285714285714
1 0.13559322033898305 0.46714285714285714 0.26440677966101694 0.16285714285714287
1 0.5661016949152542 0.7742857142857142 0.864406779661017 0.42857142857142855
