0 0.6838461538461539 0.6829140461215933 0.05692307692307692 0.04926624737945493
0 0.6265384615384615 0.7940251572327044 0.09461538461538462 0.11844863731656186
0 0.48846153846153845 0.7908805031446541 0.05846153846153846 0.051362683438155136
0 0.5153846153846153 0.7578616352201258 0.03230769230769231 0.03773584905660378
0 0.4726923076923077 0.7091194968553459 0.02846153846153846 0.02410901467505241
0 0.5388461538461539 0.6823899371069183 0.10846153846153846 0.050314465408805034
0 0.49346153846153845 0.6179245283018868 0.09307692307692307 0.0639412997903564
0 0.6084615384615385 0.5969601677148847 0.09384615384615384 0.08071278825995808
0 0.3392307692307692 0.8480083857442349 0.08153846153846153 0.041928721174004195
0 0.22538461538461538 0.8658280922431866 0.06 0.031446540880503145
0 0.19884615384615384 0.8123689727463312 0.03461538461538462 0.025157232704402517
0 0.25461538461538463 0.7908805031446541 0.04923076923076923 0.04926624737945493
0 0.7438461538461538 0.5435010482180294 0.2230769230769231 0.15618448637316562
0 0.9253846153846154 0.41037735849056606 0.1076923076923077 0.10167714884696018
