0 0.2576530612244898 0.6077097505668935 0.07653061224489795 0.11791383219954649
0 0.4693877551020408 0.4931972789115646 0.06632653061224489 0.07482993197278912
0 0.5714285714285714 0.4943310657596372 0.08418367346938775 0.08616780045351474
0 0.7678571428571428 0.42290249433106575 0.15561224489795916 0.1292517006802721
0 0.832908163265306 0.3616780045351474 0.04336734693877551 0.05668934240362812
0 0.8048469387755102 0.326530612244898 0.04846938775510204 0.04081632653061225
0 0.49553571428571425 0.3979591836734694 0.07270408163265306 0.05215419501133787
0 0.4897959183673469 0.3344671201814059 0.05612244897959183 0.05215419501133787
0 0.3603316326530612 0.40589569160997735 0.08290816326530612 0.07709750566893424
0 0.2627551020408163 0.42403628117913833 0.06887755102040816 0.06349206349206349
0 0.13903061224489796 0.4614512471655329 0.08418367346938775 0.09750566893424037
0 0.09311224489795918 0.6802721088435374 0.17602040816326528 0.24489795918367346
0 0.4419642857142857 0.8004535147392291 0.33035714285714285 0.36281179138321995
0 0.8182397959183673 0.7947845804988662 0.35841836734693877 0.39682539682539686
0 0.8603316326530611 0.23696145124716553 0.13392857142857142 0.11564625850340136
0 0.042091836734693876 0.4387755102040816 0.07653061224489795 0.07936507936507936
0 0.25637755102040816 0.34807256235827666 0.0510204081632653 0.07029478458049887
0 0.5153061224489796 0.22108843537414966 0.1607142857142857 0.07029478458049887
0 0.6377551020408163 0.19501133786848074 0.11479591836734693 0.049886621315192746
0 0.6626275510204082 0.29818594104308394 0.23341836734693874 0.12018140589569161
0 0.9362244897959183 0.4523809523809524 0.12499999999999999 0.2653061224489796
1 0.14668367346938774 0.6224489795918368 0.2831632653061224 0.746031746031746
1 0.6415816326530611 0.6768707482993197 0.7066326530612245 0.63718820861678
1 0.7091836734693877 0.25170068027210885 0.5688775510204082 0.20861678004535147
1 0.6639030612244897 0.10997732426303855 0.23852040816326528 0.07482993197278912
