0 0.7365470852017937 0.6312292358803987 0.23542600896860985 0.18604651162790697
0 0.3654708520179372 0.8488372093023256 0.6995515695067265 0.2823920265780731
0 0.17376681614349776 0.5332225913621262 0.33408071748878926 0.14285714285714285
0 0.40919282511210764 0.4019933554817276 0.08744394618834081 0.0664451827242525
0 0.23430493273542602 0.37375415282392027 0.16816143497757846 0.04318936877076412
0 0.6199551569506726 0.39867109634551495 0.1367713004484305 0.059800664451827246
0 0.702914798206278 0.4867109634551495 0.2757847533632287 0.08970099667774087
0 0.9316143497757847 0.5614617940199336 0.13228699551569506 0.21262458471760798
0 0.05717488789237668 0.3920265780730897 0.10538116591928251 0.026578073089700997
0 0.051569506726457395 0.3504983388704319 0.08968609865470852 0.029900332225913623
0 0.19618834080717487 0.3239202657807309 0.09192825112107623 0.036544850498338874
1 0.3778026905829596 0.6511627906976745 0.7511210762331838 0.6910299003322259
1 0.875560538116592 0.7093023255813954 0.2443946188340807 0.574750830564784
