0 0.2665 0.6082621082621082 0.202 0.10398860398860399
0 0.42475 0.5790598290598291 0.0555 0.06125356125356125
0 0.1775 0.5081908831908832 0.075 0.05341880341880342
0 0.28525 0.511039886039886 0.0615 0.032051282051282055
0 0.07925 0.4797008547008547 0.0985 0.057692307692307696
0 0.23575000000000002 0.405982905982906 0.0485 0.027065527065527065
0 0.301 0.3981481481481482 0.056 0.02421652421652422
0 0.70625 0.426994301994302 0.0755 0.0405982905982906
0 0.78525 0.4519230769230769 0.0445 0.051994301994301995
0 0.75775 0.5128205128205129 0.0785 0.05128205128205129
0 0.6940000000000001 0.4886039886039886 0.059000000000000004 0.04985754985754986
0 0.755 0.36075498575498577 0.068 0.03347578347578348
0 0.6707500000000001 0.38995726495726496 0.0725 0.023504273504273504
0 0.243 0.4448005698005698 0.077 0.02777777777777778
0 0.3635 0.44764957264957267 0.14100000000000001 0.05056980056980057
0 0.42325 0.4886039886039886 0.0465 0.021367521367521368
0 0.57425 0.35719373219373224 0.0385 0.05341880341880342
0 0.5095000000000001 0.49252136752136755 0.04 0.029202279202279205
0 0.1715 0.3575498575498576 0.048 0.021367521367521368
0 0.3705 0.26317663817663817 0.056 0.026353276353276354
0 0.39375 0.28062678062678065 0.0235 0.009971509971509971
0 0.38325000000000004 0.30341880341880345 0.0345 0.012820512820512822
0 0.35150000000000003 0.3418803418803419 0.046 0.01851851851851852
0 0.24625 0.3265669515669516 0.0605 0.032051282051282055
1 0.405 0.4412393162393163 0.806 0.4451566951566952
1 0.37875000000000003 0.1940883190883191 0.3555 0.08333333333333334
