0 0.5924744897959183 0.7811791383219955 0.13137755102040816 0.1292517006802721
0 0.6626275510204082 0.9501133786848073 0.09566326530612244 0.08616780045351474
0 0.5363520408163265 0.9308390022675738 0.10076530612244897 0.12471655328798187
0 0.4024234693877551 0.9569160997732427 0.08801020408163264 0.09070294784580499
0 0.3290816326530612 0.7868480725623583 0.13265306122448978 0.18140589569160998
0 0.46556122448979587 0.5839002267573696 0.04081632653061224 0.06575963718820863
0 0.5350765306122448 0.45124716553287986 0.047193877551020405 0.054421768707483
0 0.6026785714285714 0.4410430839002268 0.08035714285714285 0.07482993197278912
0 0.6690051020408163 0.41043083900226757 0.06249999999999999 0.07256235827664399
0 0.33482142857142855 0.54421768707483 0.06505102040816325 0.09070294784580499
0 0.41581632653061223 0.4557823129251701 0.04846938775510204 0.05895691609977324
0 0.4764030612244898 0.4523809523809524 0.03188775510204082 0.03854875283446712
0 0.11479591836734693 0.9557823129251701 0.05612244897959183 0.07482993197278912
0 0.8456632653061223 0.4943310657596372 0.2831632653061224 0.380952380952381
1 0.5389030612244897 0.6383219954648526 0.9170918367346939 0.7188208616780045
1 0.7665816326530611 0.1564625850340136 0.45663265306122447 0.23582766439909297
0 0.5299744897959183 0.3775510204081633 0.026785714285714284 0.034013605442176874
0 0.596938775510204 0.3650793650793651 0.04846938775510204 0.049886621315192746
0 0.6288265306122448 0.54421768707483 0.10714285714285714 0.11791383219954649
