0 0.8675742574257426 0.423 0.17574257425742573 0.07
0 0.9331683168316832 0.356 0.09900990099009901 0.044
0 0.8725247524752475 0.602 0.25 0.132
0 0.6868811881188119 0.858 0.6163366336633663 0.164
0 0.06683168316831684 0.626 0.12871287128712872 0.128
0 0.6163366336633663 0.233 0.10396039603960396 0.034
0 0.6423267326732673 0.272 0.14603960396039603 0.036000000000000004
0 0.36633663366336633 0.249 0.1188118811881188 0.038
0 0.327970297029703 0.28400000000000003 0.09158415841584158 0.04
0 0.23143564356435645 0.463 0.4381188118811881 0.194
0 0.41707920792079206 0.212 0.11138613861386139 0.056
