0 0.26647286821705424 0.7426850258175559 0.09689922480620156 0.05679862306368331
0 0.4641472868217054 0.8623063683304647 0.24224806201550386 0.26506024096385544
0 0.7456395348837209 0.9225473321858865 0.2625968992248062 0.1549053356282272
0 0.7209302325581395 0.8012048192771085 0.09689922480620156 0.08089500860585198
0 0.7335271317829457 0.6927710843373495 0.04457364341085271 0.060240963855421686
0 0.6647286821705426 0.6402753872633391 0.08527131782945736 0.055077452667814115
0 0.6458333333333334 0.5335628227194492 0.0939922480620155 0.05163511187607573
0 0.7761627906976744 0.4113597246127367 0.09496124031007752 0.06884681583476765
0 0.3682170542635659 0.6643717728055077 0.16085271317829458 0.12736660929432014
0 0.23982558139534885 0.6385542168674699 0.06298449612403101 0.05163511187607573
0 0.3323643410852713 0.5602409638554217 0.1937984496124031 0.11531841652323581
0 0.5213178294573644 0.5679862306368331 0.14728682170542634 0.10327022375215146
0 0.3493217054263566 0.4466437177280551 0.07848837209302326 0.05679862306368331
1 0.500968992248062 0.6996557659208262 0.9922480620155039 0.6006884681583476
