0 0.7655367231638418 0.83125 0.29943502824858753 0.14
0 0.955743879472693 0.69125 0.07344632768361582 0.115
0 0.7627118644067796 0.61875 0.1958568738229755 0.08750000000000001
0 0.8107344632768361 0.526875 0.22410546139359697 0.07375
0 0.3860640301318267 0.593125 0.23728813559322032 0.12625
0 0.0743879472693032 0.5525 0.1337099811676083 0.075
0 0.04519774011299435 0.689375 0.07532956685499058 0.11625
0 0.0951035781544256 0.445625 0.09604519774011298 0.051250000000000004
0 0.18738229755178906 0.39437500000000003 0.12994350282485875 0.03125
0 0.19397363465160075 0.35000000000000003 0.10922787193973635 0.035
0 0.18832391713747645 0.305 0.09792843691148775 0.03
0 0.22128060263653482 0.27 0.06591337099811675 0.015
0 0.2806026365348399 0.233125 0.08286252354048963 0.02375
0 0.2749529190207156 0.20750000000000002 0.06779661016949153 0.0175
0 0.3116760828625235 0.18625 0.07344632768361582 0.015
0 0.3427495291902071 0.44125000000000003 0.19962335216572505 0.0775
0 0.5969868173258004 0.421875 0.1807909604519774 0.058750000000000004
0 0.8766478342749529 0.425 0.23163841807909605 0.08
0 0.85969868173258 0.359375 0.20527306967984935 0.04125
0 0.8766478342749529 0.325 0.14500941619585686 0.04
0 0.455743879472693 0.315625 0.2900188323917137 0.10875
0 0.6224105461393596 0.27375 0.11487758945386063 0.0425
0 0.6205273069679849 0.236875 0.15630885122410546 0.04125
0 0.7222222222222222 0.19187500000000002 0.1111111111111111 0.03625
0 0.64030131826742 0.181875 0.08286252354048963 0.02875
0 0.5696798493408662 0.198125 0.09604519774011298 0.02375
0 0.4030131826741996 0.22875 0.1318267419962335 0.0275
0 0.4246704331450094 0.20500000000000002 0.1111111111111111 0.0275
0 0.5687382297551788 0.15375 0.064030131826742 0.0275
0 0.675141242937853 0.135 0.06967984934086628 0.0175
0 0.6666666666666666 0.15 0.08286252354048963 0.01
0 0.4510357815442561 0.175625 0.08097928436911488 0.01375
0 0.4613935969868173 0.14375000000000002 0.060263653483992465 0.0175
1 0.5009416195856874 0.5593750000000001 0.983050847457627 0.87375
1 0.5423728813559322 0.0625 0.3728813559322034 0.11750000000000001
