0 0.5816666666666667 0.6083333333333334 0.16333333333333333 0.17222222222222222
0 0.8433333333333334 0.625 0.3066666666666667 0.29444444444444445
0 0.385 0.7055555555555556 0.043333333333333335 0.05555555555555556
0 0.4633333333333334 0.7361111111111112 0.02666666666666667 0.05
0 0.6983333333333334 0.8166666666666667 0.03666666666666667 0.044444444444444446
0 0.7716666666666667 0.8250000000000001 0.07666666666666667 0.05
0 0.7333333333333334 0.8722222222222222 0.07333333333333333 0.05555555555555556
0 0.30333333333333334 0.7277777777777779 0.08 0.14444444444444446
0 0.3666666666666667 0.5555555555555556 0.14 0.14444444444444446
0 0.08666666666666667 0.7722222222222223 0.06666666666666667 0.12222222222222223
0 0.25 0.9083333333333333 0.05333333333333334 0.08333333333333334
0 0.13 0.6472222222222223 0.09333333333333334 0.11666666666666667
0 0.04833333333333334 0.5166666666666667 0.07666666666666667 0.05555555555555556
0 0.05666666666666667 0.6055555555555556 0.06666666666666667 0.08888888888888889
0 0.03333333333333333 0.6944444444444444 0.02666666666666667 0.044444444444444446
0 0.03166666666666667 0.7777777777777778 0.05666666666666667 0.05555555555555556
1 0.5116666666666667 0.7222222222222222 0.9766666666666667 0.5222222222222223
