1 0.50341796875 0.575735294117647 0.9931640625 0.8397058823529412
0 0.51171875 0.8580882352941176 0.255859375 0.2661764705882353
0 0.73193359375 0.5669117647058823 0.1279296875 0.08970588235294118
0 0.89697265625 0.6198529411764706 0.1435546875 0.12794117647058822
0 0.9443359375 0.4852941176470588 0.107421875 0.12058823529411765
0 0.841796875 0.4742647058823529 0.05859375 0.04852941176470588
0 0.51708984375 0.638235294117647 0.1669921875 0.12941176470588234
0 0.55029296875 0.49338235294117644 0.1435546875 0.07794117647058824
0 0.67041015625 0.4742647058823529 0.0498046875 0.04264705882352941
0 0.77099609375 0.4007352941176471 0.1650390625 0.08088235294117647
0 0.6513671875 0.3492647058823529 0.134765625 0.04264705882352941
0 0.560546875 0.3992647058823529 0.125 0.051470588235294115
0 0.6005859375 0.31985294117647056 0.1171875 0.030882352941176472
0 0.57080078125 0.2926470588235294 0.1064453125 0.03529411764705882
0 0.69580078125 0.28161764705882353 0.0537109375 0.025
0 0.560546875 0.2514705882352941 0.119140625 0.020588235294117647
0 0.40283203125 0.45955882352941174 0.1025390625 0.18970588235294117
0 0.322265625 0.7867647058823529 0.107421875 0.40588235294117647
