0 0.7059701492537314 0.9104308390022676 0.1044776119402985 0.12471655328798187
0 0.6179104477611941 0.8526077097505669 0.029850746268656716 0.06349206349206349
0 0.5462686567164179 0.8242630385487528 0.07761194029850746 0.07482993197278912
0 0.41044776119402987 0.7891156462585034 0.10149253731343284 0.13151927437641725
0 0.9507462686567164 0.6394557823129252 0.03582089552238806 0.09977324263038549
0 0.25522388059701495 0.5306122448979592 0.12238805970149254 0.1360544217687075
0 0.34701492537313433 0.5521541950113379 0.04626865671641791 0.05668934240362812
0 0.4044776119402985 0.6247165532879819 0.04776119402985075 0.05215419501133787
0 0.4425373134328358 0.5986394557823129 0.03134328358208955 0.031746031746031744
0 0.4492537313432836 0.5068027210884354 0.05373134328358209 0.04761904761904762
0 0.41194029850746267 0.554421768707483 0.029850746268656716 0.04308390022675737
0 0.25149253731343285 0.699546485260771 0.14477611940298507 0.16099773242630386
1 0.282089552238806 0.7301587301587302 0.208955223880597 0.5306122448979592
1 0.6902985074626866 0.8321995464852608 0.6104477611940299 0.31746031746031744
1 0.9567164179104478 0.3378684807256236 0.08358208955223881 0.6757369614512472
1 0.5455223880597015 0.5997732426303855 0.3208955223880597 0.14285714285714285
1 0.6201492537313433 0.336734693877551 0.08208955223880597 0.3877551020408163
1 0.030597014925373135 0.5952380952380952 0.058208955223880594 0.2199546485260771
1 0.15447761194029852 0.25510204081632654 0.06716417910447761 0.2562358276643991
0 0.15 0.3197278911564626 0.04328358208955224 0.05895691609977324
0 0.28880597014925374 0.3650793650793651 0.03134328358208955 0.05895691609977324
