0 0.3590250329380764 0.17061611374407584 0.0619235836627141 0.06161137440758294
0 0.38998682476943347 0.11848341232227488 0.06324110671936758 0.07109004739336494
0 0.3313570487483531 0.06161137440758294 0.043478260869565216 0.04265402843601896
0 0.18774703557312253 0.07819905213270142 0.08036890645586298 0.047393364928909956
0 0.2839262187088274 0.13388625592417064 0.08563899868247694 0.05450236966824645
0 0.2246376811594203 0.3779620853080569 0.06982872200263505 0.08767772511848342
0 0.20816864295125165 0.24289099526066352 0.08432147562582346 0.06872037914691943
0 0.032279314888010543 0.21445497630331756 0.05138339920948617 0.0971563981042654
0 0.1482213438735178 0.6161137440758294 0.048748353096179184 0.037914691943127965
0 0.1725955204216074 0.7109004739336493 0.08959156785243742 0.1090047393364929
0 0.2971014492753623 0.6208530805687205 0.038208168642951255 0.05687203791469195
0 0.3926218708827405 0.627962085308057 0.07905138339920949 0.06635071090047394
0 0.4453227931488801 0.6919431279620853 0.08959156785243742 0.12322274881516589
0 0.505270092226614 0.9028436018957346 0.17523056653491437 0.18957345971563982
0 0.7266139657444005 0.9526066350710901 0.09881422924901186 0.09004739336492892
0 0.2259552042160738 0.9383886255924171 0.09090909090909091 0.1042654028436019
0 0.32476943346508563 0.9514218009478673 0.10408432147562582 0.08767772511848342
0 0.036231884057971016 0.8909952606635072 0.0619235836627141 0.1990521327014218
0 0.1844532279314888 0.4893364928909953 0.2028985507246377 0.13507109004739337
0 0.33003952569169964 0.28436018957345977 0.03557312252964427 0.04265402843601896
0 0.6956521739130435 0.11611374407582939 0.06587615283267458 0.06635071090047394
0 0.691699604743083 0.03199052132701422 0.06324110671936758 0.04028436018957346
0 0.9486166007905139 0.09597156398104266 0.07905138339920949 0.08293838862559243
0 0.9591567852437418 0.04502369668246446 0.07641633728590251 0.08056872037914692
0 0.8089591567852438 0.6007109004739337 0.3689064558629776 0.2203791469194313
0 0.958498023715415 0.8838862559241707 0.08300395256916997 0.2180094786729858
0 0.06521739130434782 0.34952606635071093 0.056653491436100135 0.04028436018957346
0 0.3129117259552042 0.018957345971563982 0.0619235836627141 0.03317535545023697
0 0.40250329380764166 0.026066350710900476 0.07246376811594203 0.047393364928909956
1 0.23649538866930173 0.5 0.47035573122529645 0.9905213270142181
1 0.7351778656126483 0.1113744075829384 0.5270092226613966 0.2180094786729858
1 0.7727272727272727 0.6066350710900474 0.4519104084321476 0.7819905213270143
1 0.5065876152832675 0.835308056872038 0.077733860342556 0.3246445497630332
