0 0.523015873015873 0.864406779661017 0.3126984126984127 0.19915254237288135
0 0.7976190476190477 0.6260593220338984 0.10634920634920635 0.06567796610169492
0 0.8722222222222222 0.7436440677966102 0.19206349206349208 0.09322033898305085
0 0.2388888888888889 0.6366525423728814 0.20793650793650795 0.09110169491525423
0 0.3047619047619048 0.527542372881356 0.12063492063492064 0.06779661016949153
0 0.44841269841269843 0.503177966101695 0.08412698412698413 0.057203389830508475
0 0.10238095238095238 0.9332627118644068 0.17936507936507937 0.125
0 0.173015873015873 0.7648305084745762 0.16507936507936508 0.09322033898305085
0 0.04365079365079365 0.7966101694915254 0.07777777777777778 0.0847457627118644
0 0.4380952380952381 0.3686440677966102 0.08253968253968254 0.038135593220338986
0 0.48095238095238096 0.3209745762711864 0.12698412698412698 0.04025423728813559
0 0.9547619047619048 0.8908898305084746 0.07777777777777778 0.1673728813559322
0 0.3984126984126984 0.4375 0.24761904761904763 0.057203389830508475
0 0.9396825396825397 0.5444915254237288 0.1111111111111111 0.13559322033898305
1 0.503968253968254 0.7319915254237288 0.9857142857142858 0.5317796610169492
1 0.5674603174603174 0.3675847457627119 0.6174603174603175 0.2097457627118644
0 0.7531746031746032 0.3633474576271186 0.03650793650793651 0.03177966101694915
0 0.7746031746031746 0.4163135593220339 0.08888888888888889 0.03177966101694915
