0 0.47785714285714287 0.8987951807228917 0.38142857142857145 0.17349397590361448
0 0.6092857142857143 0.5680722891566266 0.18142857142857144 0.054216867469879526
0 0.2785714285714286 0.6283132530120482 0.16285714285714287 0.0783132530120482
0 0.295 0.513855421686747 0.07857142857142857 0.04457831325301205
0 0.06642857142857143 0.5120481927710844 0.08142857142857143 0.033734939759036145
0 0.515 0.46506024096385545 0.24142857142857144 0.045783132530120486
0 0.23642857142857143 0.35722891566265064 0.07 0.013253012048192772
0 0.2692857142857143 0.3795180722891567 0.09 0.026506024096385545
1 0.5007142857142857 0.6644578313253012 0.9957142857142857 0.6686746987951808
1 0.6735714285714286 0.2921686746987952 0.43 0.0783132530120482
