1 0.731 0.5023696682464456 0.534 0.9881516587677726
1 0.23266666666666666 0.2363744075829384 0.46266666666666667 0.46563981042654035
1 0.3516666666666666 0.5604265402843602 0.22466666666666665 0.18009478672985785
0 0.7066666666666667 0.40699052132701424 0.096 0.11018957345971565
0 0.9516666666666667 0.5438388625592417 0.07533333333333334 0.12322274881516589
0 0.567 0.8832938388625593 0.11 0.1670616113744076
0 0.7316666666666667 0.7867298578199052 0.08466666666666667 0.08293838862559243
0 0.3843333333333333 0.1966824644549763 0.11133333333333333 0.1137440758293839
0 0.15833333333333333 0.3293838862559242 0.09666666666666666 0.13744075829383887
0 0.27699999999999997 0.5556872037914692 0.05933333333333333 0.06398104265402844
0 0.827 0.2962085308056872 0.11133333333333333 0.18957345971563982
0 0.045 0.18009478672985785 0.07266666666666667 0.09241706161137442
