0 0.22949735449735448 0.5687830687830687 0.046296296296296294 0.05291005291005291
0 0.25595238095238093 0.746031746031746 0.10185185185185185 0.10052910052910052
0 0.042328042328042326 0.8055555555555555 0.06084656084656084 0.05555555555555555
0 0.4219576719576719 0.9576719576719577 0.08465608465608465 0.08994708994708994
0 0.3935185185185185 0.6124338624338624 0.062169312169312166 0.10317460317460317
0 0.6752645502645502 0.5013227513227513 0.05952380952380952 0.06613756613756613
0 0.25 0.5052910052910052 0.042328042328042326 0.031746031746031744
0 0.17989417989417988 0.5555555555555556 0.047619047619047616 0.06878306878306878
0 0.07671957671957672 0.6521164021164021 0.14285714285714285 0.05555555555555555
0 0.04497354497354497 0.7354497354497354 0.07936507936507936 0.07407407407407407
1 0.1415343915343915 0.7037037037037037 0.2804232804232804 0.5767195767195767
1 0.5443121693121693 0.7936507936507936 0.5198412698412698 0.41798941798941797
1 0.5701058201058201 0.5145502645502645 0.3544973544973545 0.1402116402116402
1 0.5965608465608465 0.3902116402116402 0.21957671957671956 0.10846560846560846
