0 0.371875 0.6454880294659301 0.15416666666666667 0.14917127071823205
0 0.3359375 0.861878453038674 0.109375 0.13627992633517497
0 0.7140625 0.6362799263351749 0.07604166666666666 0.14917127071823205
0 0.8036458333333333 0.5699815837937385 0.078125 0.07550644567219153
0 0.6708333333333333 0.4972375690607735 0.11666666666666667 0.15101289134438306
0 0.5380208333333333 0.5230202578268877 0.14270833333333333 0.19152854511970535
0 0.34270833333333334 0.4594843462246777 0.15416666666666667 0.19337016574585636
0 0.2942708333333333 0.3268876611418048 0.04479166666666667 0.04604051565377532
0 0.24895833333333334 0.32228360957642727 0.0375 0.058931860036832415
0 0.3333333333333333 0.053406998158379376 0.07291666666666667 0.08103130755064457
0 0.39479166666666665 0.03867403314917127 0.0375 0.05524861878453039
0 0.475 0.3370165745856354 0.05 0.06998158379373849
0 0.50625 0.15377532228360957 0.058333333333333334 0.04604051565377532
0 0.46458333333333335 0.27808471454880296 0.04375 0.040515653775322284
0 0.3484375 0.18876611418047884 0.04895833333333333 0.11233885819521179
0 0.24010416666666667 0.19613259668508287 0.15520833333333334 0.17495395948434622
0 0.871875 0.7569060773480664 0.10625 0.20626151012891344
0 0.6041666666666666 0.27348066298342544 0.035416666666666666 0.04972375690607735
0 0.5546875 0.30386740331491713 0.036458333333333336 0.040515653775322284
0 0.6651041666666666 0.22099447513812157 0.05520833333333333 0.07734806629834254
0 0.9635416666666666 0.061694290976058934 0.06666666666666667 0.0718232044198895
0 0.8463541666666666 0.1860036832412523 0.303125 0.1988950276243094
0 0.10572916666666667 0.16298342541436464 0.06979166666666667 0.09023941068139964
0 0.8630208333333333 0.36095764272559855 0.265625 0.1289134438305709
0 0.7421875 0.03683241252302026 0.18229166666666666 0.07366482504604052
0 0.6098958333333333 0.0423572744014733 0.042708333333333334 0.06629834254143646
0 0.01875 0.16390423572744015 0.03333333333333333 0.10681399631675875
0 0.1 0.44475138121546964 0.19375 0.30755064456721914
0 0.9406249999999999 0.5423572744014733 0.11458333333333333 0.17863720073664827
1 0.5005208333333333 0.5027624309392266 0.996875 0.994475138121547
