0 0.71625 0.9081250000000001 0.18583333333333335 0.11625
0 0.5783333333333334 0.80125 0.14500000000000002 0.0775
0 0.81125 0.689375 0.06416666666666668 0.03375
0 0.9170833333333334 0.761875 0.12083333333333333 0.06875
0 0.9450000000000001 0.68375 0.06666666666666667 0.0425
0 0.8304166666666667 0.96875 0.19583333333333336 0.0525
0 0.19541666666666668 0.759375 0.18583333333333335 0.14625
0 0.04833333333333334 0.655625 0.07666666666666667 0.04875
0 0.5650000000000001 0.688125 0.16333333333333333 0.07875
0 0.5179166666666667 0.6125 0.18583333333333335 0.0575
0 0.3795833333333334 0.600625 0.07250000000000001 0.04125
0 0.4229166666666667 0.56875 0.09083333333333334 0.045
1 0.6529166666666667 0.7525000000000001 0.6941666666666667 0.485
