0 0.6146245059288538 0.7654028436018958 0.14888010540184454 0.16587677725118485
0 0.6745718050065876 0.9300947867298579 0.08168642951251648 0.1255924170616114
0 0.7931488801054019 0.8898104265402844 0.12911725955204217 0.17298578199052134
0 0.9387351778656127 0.8661137440758294 0.1251646903820817 0.1966824644549763
0 0.963768115942029 0.7594786729857821 0.05138339920948617 0.09241706161137442
0 0.6903820816864296 0.4774881516587678 0.07641633728590251 0.08767772511848342
0 0.743741765480896 0.41943127962085314 0.12779973649538867 0.07109004739336494
0 0.955862977602108 0.4822274881516588 0.077733860342556 0.08293838862559243
0 0.8583662714097497 0.6066350710900474 0.2015810276679842 0.1279620853080569
0 0.8003952569169961 0.7097156398104266 0.15942028985507248 0.13981042654028436
0 0.5823451910408433 0.4609004739336493 0.04216073781291173 0.026066350710900476
0 0.5810276679841897 0.580568720379147 0.13175230566534915 0.15165876777251186
0 0.6877470355731226 0.5817535545023698 0.03689064558629776 0.04028436018957346
0 0.7075098814229249 0.5367298578199052 0.03162055335968379 0.03080568720379147
0 0.4822134387351779 0.4549763033175356 0.05006587615283268 0.06161137440758294
0 0.5204216073781291 0.39573459715639814 0.04479578392621871 0.03317535545023697
0 0.23978919631093545 0.4443127962085308 0.06587615283267458 0.06872037914691943
0 0.4762845849802372 0.7926540284360191 0.05928853754940712 0.12085308056872039
0 0.2549407114624506 0.7049763033175356 0.42555994729907776 0.36255924170616116
1 0.5013175230566536 0.6611374407582938 0.9920948616600791 0.6777251184834123
1 0.34321475625823455 0.29739336492891 0.530961791831357 0.05450236966824645
0 0.9183135704874835 0.37203791469194314 0.14756258234519104 0.06161137440758294
0 0.45981554677206854 0.36729857819905215 0.047430830039525695 0.05213270142180095
0 0.16666666666666669 0.4111374407582939 0.0461133069828722 0.05450236966824645
