0 0.372 0.784 0.144 0.076
0 0.48066666666666663 0.881 0.10266666666666667 0.07
0 0.36066666666666664 0.867 0.076 0.054
0 0.5093333333333333 0.602 0.088 0.064
0 0.54 0.658 0.026666666666666665 0.036000000000000004
0 0.576 0.681 0.034666666666666665 0.042
0 0.7046666666666667 0.706 0.04666666666666666 0.04
0 0.7406666666666667 0.555 0.08133333333333333 0.038
0 0.6693333333333333 0.602 0.14666666666666667 0.06
0 0.8066666666666666 0.625 0.04 0.05
0 0.7466666666666666 0.674 0.056 0.052000000000000005
0 0.6266666666666666 0.779 0.13333333333333333 0.098
0 0.31266666666666665 0.9510000000000001 0.20933333333333332 0.09
0 0.6486666666666666 0.506 0.15066666666666667 0.048
0 0.738 0.451 0.04133333333333333 0.034
0 0.37 0.603 0.092 0.05
0 0.176 0.713 0.33866666666666667 0.23800000000000002
1 0.4973333333333333 0.705 0.9946666666666666 0.586
1 0.66 0.385 0.6719999999999999 0.054
1 0.9273333333333333 0.329 0.13733333333333334 0.054
