0 0.4349489795918367 0.8401360544217688 0.14540816326530612 0.27891156462585037
0 0.5459183673469388 0.3900226757369615 0.1096938775510204 0.07709750566893424
0 0.42984693877551017 0.3253968253968254 0.09693877551020408 0.05668934240362812
0 0.38966836734693877 0.48072562358276644 0.18749999999999997 0.13151927437641725
0 0.05038265306122448 0.536281179138322 0.07780612244897958 0.08390022675736962
0 0.061224489795918366 0.8594104308390023 0.09183673469387754 0.14512471655328799
0 0.6428571428571428 0.272108843537415 0.1301020408163265 0.10430839002267574
0 0.6122448979591836 0.8492063492063492 0.10459183673469387 0.10657596371882086
0 0.392219387755102 0.23129251700680273 0.1364795918367347 0.045351473922902494
0 0.4783163265306122 0.26077097505668934 0.10459183673469387 0.06349206349206349
0 0.9623724489795917 0.3786848072562358 0.06760204081632652 0.13151927437641725
0 0.7563775510204082 0.6666666666666666 0.3341836734693877 0.24036281179138322
0 0.9119897959183673 0.4829931972789116 0.08418367346938775 0.108843537414966
0 0.8010204081632653 0.29024943310657597 0.0510204081632653 0.049886621315192746
0 0.7544642857142857 0.22222222222222224 0.0548469387755102 0.049886621315192746
0 0.38456632653061223 0.17573696145124718 0.10076530612244897 0.04308390022675737
0 0.18558673469387754 0.20861678004535147 0.06760204081632652 0.054421768707483
0 0.24553571428571427 0.6009070294784581 0.06760204081632652 0.0816326530612245
1 0.40880102040816324 0.5702947845804989 0.8048469387755102 0.854875283446712
1 0.9049744897959183 0.5997732426303855 0.18749999999999997 0.7913832199546486
1 0.3966836734693877 0.08276643990929705 0.4668367346938775 0.12018140589569161
