1 0.50146484375 0.625 0.9951171875 0.7447916666666666
1 0.720703125 0.20247395833333331 0.556640625 0.10026041666666666
0 0.34228515625 0.8352864583333333 0.2744140625 0.30859375
0 0.65625 0.6458333333333333 0.306640625 0.23697916666666666
0 0.955078125 0.6087239583333333 0.078125 0.16015625
0 0.8828125 0.44205729166666663 0.13671875 0.11067708333333333
0 0.8642578125 0.20442708333333331 0.1875 0.057291666666666664
0 0.73095703125 0.181640625 0.0537109375 0.04296875
0 0.67529296875 0.322265625 0.1630859375 0.07942708333333333
0 0.802734375 0.31119791666666663 0.0546875 0.0703125
0 0.45947265625 0.2923177083333333 0.1494140625 0.06380208333333333
0 0.2158203125 0.29166666666666663 0.044921875 0.049479166666666664
0 0.3779296875 0.4544270833333333 0.111328125 0.1171875
0 0.64990234375 0.4329427083333333 0.2802734375 0.13932291666666666
0 0.166015625 0.4583333333333333 0.3046875 0.21614583333333331
