0 0.53 0.6255555555555555 0.15000000000000002 0.13555555555555557
0 0.6866666666666668 0.6 0.07 0.05333333333333333
0 0.41750000000000004 0.6177777777777778 0.05166666666666667 0.06222222222222222
0 0.5741666666666667 0.5033333333333333 0.125 0.06888888888888889
0 0.6616666666666667 0.5466666666666666 0.030000000000000002 0.044444444444444446
0 0.16416666666666668 0.6622222222222223 0.055 0.05333333333333333
0 0.13166666666666668 0.73 0.06333333333333334 0.05555555555555555
0 0.37833333333333335 0.8377777777777777 0.06666666666666667 0.10666666666666666
0 0.5225000000000001 0.9666666666666667 0.055 0.057777777777777775
0 0.1625 0.5455555555555556 0.055 0.051111111111111114
0 0.31833333333333336 0.39666666666666667 0.09000000000000001 0.05555555555555555
0 0.6116666666666667 0.4411111111111111 0.05 0.03777777777777778
0 0.7391666666666667 0.7155555555555555 0.14166666666666666 0.14222222222222222
0 0.8833333333333334 0.6844444444444444 0.21000000000000002 0.20444444444444446
0 0.4783333333333334 0.3888888888888889 0.030000000000000002 0.026666666666666665
0 0.42083333333333334 0.39111111111111113 0.025 0.022222222222222223
1 0.5008333333333334 0.6344444444444445 0.9916666666666667 0.7222222222222222
