1 0.5006666666666667 0.5799273387829246 0.996 0.5386012715712988
1 0.576 0.2801998183469573 0.8466666666666667 0.06085376930063578
1 0.7473333333333333 0.20345140781108084 0.5053333333333333 0.09082652134423251
1 0.9229999999999999 0.12306993642143506 0.15 0.06993642143505903
1 0.7909999999999999 0.13306085376930063 0.11266666666666666 0.04813805631244323
1 0.424 0.220708446866485 0.14133333333333334 0.05631244323342416
0 0.7979999999999999 0.5563124432334241 0.33466666666666667 0.2606721162579473
0 0.17566666666666667 0.5036330608537692 0.22066666666666665 0.14623069936421434
0 0.7929999999999999 0.184377838328792 0.10466666666666666 0.036330608537693
0 0.581 0.3029064486830154 0.094 0.04087193460490463
