0 0.3911111111111111 0.9281914893617021 0.08888888888888888 0.11170212765957446
0 0.4811111111111111 0.9694148936170213 0.07185185185185185 0.05053191489361702
0 0.6518518518518518 0.8151595744680851 0.07851851851851852 0.12234042553191489
0 0.7551851851851852 0.9408244680851063 0.07037037037037036 0.09973404255319149
0 0.9785185185185185 0.898936170212766 0.04296296296296296 0.10106382978723404
0 0.3696296296296296 0.7307180851063829 0.06814814814814814 0.0678191489361702
0 0.7122222222222222 0.507313829787234 0.08962962962962963 0.06515957446808511
0 0.7851851851851851 0.5146276595744681 0.048888888888888885 0.061170212765957445
0 0.7814814814814814 0.43683510638297873 0.048888888888888885 0.04654255319148936
0 0.8596296296296296 0.5033244680851063 0.04074074074074074 0.04654255319148936
0 0.8281481481481481 0.4587765957446808 0.026666666666666665 0.02925531914893617
0 0.4237037037037037 0.5146276595744681 0.06222222222222222 0.061170212765957445
0 0.1774074074074074 0.7892287234042553 0.0674074074074074 0.09175531914893617
0 0.12962962962962962 0.6303191489361702 0.04148148148148148 0.045212765957446804
0 0.40518518518518515 0.663563829787234 0.047407407407407405 0.05053191489361702
0 0.7751851851851852 0.3337765957446808 0.03037037037037037 0.045212765957446804
0 0.7355555555555555 0.355718085106383 0.026666666666666665 0.030585106382978722
0 0.20703703703703702 0.6994680851063829 0.0837037037037037 0.06648936170212766
0 0.21703703703703703 0.5585106382978723 0.1037037037037037 0.11968085106382978
0 0.44740740740740736 0.8158244680851063 0.07259259259259258 0.07845744680851063
0 0.44999999999999996 0.7313829787234042 0.06888888888888889 0.07446808510638298
0 0.24148148148148146 0.9089095744680851 0.13925925925925925 0.13696808510638298
1 0.5003703703703704 0.7772606382978723 0.9962962962962962 0.4454787234042553
1 0.18444444444444444 0.5099734042553191 0.3644444444444444 0.08909574468085106
1 0.6492592592592592 0.47273936170212766 0.48666666666666664 0.16356382978723405
1 0.7251851851851852 0.3291223404255319 0.18518518518518517 0.12898936170212766
1 0.056666666666666664 0.3962765957446808 0.11185185185185184 0.1356382978723404
1 0.2544444444444444 0.3863031914893617 0.12666666666666665 0.15824468085106383
1 0.2633333333333333 0.26063829787234044 0.12222222222222222 0.0851063829787234
