0 0.49652777777777773 0.5723379629629629 0.34375 0.15393518518518517
0 0.1870659722222222 0.5028935185185185 0.15538194444444445 0.06828703703703703
0 0.026475694444444444 0.5503472222222222 0.051215277777777776 0.0636574074074074
0 0.02300347222222222 0.6041666666666666 0.03732638888888889 0.02546296296296296
0 0.4040798611111111 0.3767361111111111 0.06336805555555555 0.03125
0 0.4210069444444444 0.34432870370370366 0.046875 0.017361111111111112
0 0.0798611111111111 0.4525462962962963 0.14583333333333331 0.06944444444444445
0 0.4214409722222222 0.32175925925925924 0.10677083333333333 0.034722222222222224
1 0.12586805555555555 0.6921296296296295 0.24826388888888887 0.6180555555555555
1 0.4331597222222222 0.7696759259259259 0.3611111111111111 0.4583333333333333
1 0.640625 0.7841435185185185 0.05208333333333333 0.43402777777777773
1 0.7335069444444444 0.8275462962962963 0.1284722222222222 0.34027777777777773
1 0.4236111111111111 0.3883101851851852 0.1111111111111111 0.20254629629629628
1 0.5347222222222222 0.43344907407407407 0.10763888888888888 0.11689814814814814
