1 0.5 0.5056179775280899 0.9916666666666667 0.9887640449438202
0 0.6677083333333333 0.7265917602996255 0.08541666666666667 0.08239700374531836
0 0.7270833333333333 0.6722846441947565 0.0625 0.07116104868913858
0 0.7614583333333333 0.601123595505618 0.08958333333333333 0.07116104868913858
0 0.8416666666666667 0.601123595505618 0.058333333333333334 0.08614232209737828
0 0.315625 0.7078651685393258 0.08541666666666667 0.06741573033707865
0 0.37604166666666666 0.6217228464419475 0.07708333333333334 0.052434456928838954
0 0.5760416666666667 0.5468164794007491 0.07708333333333334 0.0749063670411985
0 0.5947916666666666 0.4850187265917603 0.052083333333333336 0.07116104868913858
0 0.5635416666666666 0.7303370786516854 0.06875 0.0599250936329588
0 0.6604166666666667 0.951310861423221 0.10833333333333334 0.0898876404494382
0 0.6427083333333333 0.8726591760299626 0.11041666666666666 0.10486891385767791
0 0.9114583333333334 0.6441947565543071 0.06041666666666667 0.052434456928838954
0 0.9104166666666667 0.5749063670411985 0.04583333333333333 0.056179775280898875
0 0.49895833333333334 0.8651685393258427 0.09375 0.1198501872659176
0 0.03958333333333333 0.8558052434456929 0.06666666666666667 0.10112359550561797
0 0.15208333333333332 0.951310861423221 0.07916666666666666 0.06741573033707865
0 0.08541666666666667 0.9213483146067416 0.1 0.09737827715355805
0 0.32708333333333334 0.19288389513108614 0.07916666666666666 0.056179775280898875
0 0.42604166666666665 0.1947565543071161 0.10625 0.052434456928838954
0 0.7395833333333334 0.16104868913857678 0.09166666666666666 0.0749063670411985
0 0.690625 0.21161048689138576 0.08125 0.04119850187265918
0 0.821875 0.31273408239700373 0.09375 0.11610486891385768
0 0.9614583333333333 0.25842696629213485 0.06458333333333333 0.0898876404494382
0 0.6854166666666667 0.45131086142322097 0.10416666666666667 0.07116104868913858
0 0.915625 0.9288389513108615 0.052083333333333336 0.052434456928838954
0 0.7604166666666666 0.9138576779026217 0.0625 0.0749063670411985
0 0.3958333333333333 0.9250936329588015 0.175 0.12734082397003746
0 0.140625 0.4700374531835206 0.09375 0.06367041198501873
